   1.0000000e+00   2.0592964e-01   1.6195276e-01   8.1941828e-02   2.3580898e-01   3.1080800e-01   1.1603696e-01   2.2707900e-01   2.7436842e-01   2.4188602e-01   2.5326285e-01   2.6073832e-01   3.5514853e-01   3.1268391e-01   3.3924468e-01   1.6984690e-01   2.5952884e-01   3.3226408e-01   1.8293856e-01   2.4323950e-01   1.4209219e-01   4.2137107e-01   3.0010635e-01   2.7944192e-01   3.5568542e-01   3.2140435e-01   1.9984019e-01   2.8718209e-01   1.6565733e-01   2.7748196e-01   2.8563167e-01   3.2035601e-01   2.9646579e-01   2.7473256e-01   3.1435330e-01   2.8720420e-01   2.6177391e-01   3.4285057e-01   2.4109889e-01   1.9367747e-01   3.1334805e-01   2.0924515e-01   2.7112442e-01   2.2953032e-01   2.2963345e-01   1.5080050e-01   3.0687278e-01   3.2581680e-01   3.0124064e-01   1.2309400e-01   1.9011491e-01   2.8796771e-01   3.6203985e-01   2.2982856e-01   2.9185228e-01   3.7113694e-01   1.7424387e-01   4.0832580e-01
   2.0592964e-01   1.0000000e+00   6.5691961e-01   2.2370865e-01   1.2494114e-01   3.8976941e-01   2.4011880e-01   2.7630285e-01   3.2282481e-01   2.2648116e-01   7.6206688e-01   4.2993833e-01   1.9005981e-01   3.5340613e-01   3.1506358e-01   1.6541768e-01   2.8983988e-01   3.3726973e-01   3.2773097e-01   3.4430920e-01   1.4941162e-01   2.4875838e-01   4.5726490e-01   1.4428993e-01   3.5316503e-01   1.4407451e-01   3.4279170e-01   3.6205707e-01   2.2290828e-01   4.8800573e-01   2.6684234e-01   3.6696258e-01   3.5337348e-01   3.0255424e-01   2.4402608e-01   2.5100694e-01   1.6045417e-01   5.2200201e-01   2.4167396e-01   1.6880475e-01   4.3707089e-01   7.1460363e-01   4.1963505e-01   3.0231095e-01   3.4169077e-01   3.0869826e-01   2.7572695e-01   4.4221015e-01   1.8962780e-01   1.9428028e-01   2.6073605e-01   2.4136949e-01   2.5147177e-01   2.5381507e-01   5.1716798e-01   2.2001147e-01   2.1588813e-01   3.0259738e-01
   1.6195276e-01   6.5691961e-01   1.0000000e+00   2.4672319e-01   1.3933237e-01   3.4543514e-01   2.3180239e-01   1.9813727e-01   2.7729019e-01   2.5698949e-01   6.6076204e-01   3.8197520e-01   1.5626241e-01   3.5694665e-01   2.6337845e-01   1.4656900e-01   2.1665748e-01   2.5633836e-01   3.5202658e-01   3.2418646e-01   1.3302339e-01   1.7878062e-01   3.6804517e-01   1.0712845e-01   3.4564844e-01   1.1847516e-01   3.2521487e-01   3.2226537e-01   2.0026566e-01   4.2609587e-01   2.3821048e-01   3.4004181e-01   3.0173297e-01   2.5582468e-01   2.0066599e-01   2.0673494e-01   1.2249377e-01   4.1473098e-01   2.8700081e-01   1.5603004e-01   3.5897280e-01   6.2496383e-01   3.3474717e-01   3.0040489e-01   2.4531106e-01   2.3490758e-01   2.7488071e-01   4.2197258e-01   1.6179178e-01   1.1555964e-01   2.1588141e-01   1.7929699e-01   1.6535009e-01   3.0087258e-01   4.4360073e-01   1.4454845e-01   1.7104962e-01   2.9038360e-01
   8.1941828e-02   2.2370865e-01   2.4672319e-01   1.0000000e+00   1.0561041e-01   2.4387117e-01   1.7959223e-01   1.6226548e-01   2.3274975e-01   2.5195127e-01   2.4193734e-01   1.8951780e-01   1.5141244e-02   2.6927610e-01   1.8535211e-01   8.3933439e-02   1.1431971e-01   1.7172202e-01   2.2937539e-01   2.7981429e-01   1.7382334e-01   6.7501063e-02   3.3345893e-01   5.1187315e-02   2.6464931e-01   4.5357146e-02   2.8267183e-01   1.9173037e-01   2.0216322e-01   2.6689057e-01   1.1716092e-01   2.5422477e-01   2.1973329e-01   1.9659821e-01   1.5817157e-01   2.5526924e-02   2.2913685e-02   2.5325152e-01   2.6027765e-01   1.4242611e-01   2.5528007e-01   2.4920874e-01   3.0893679e-01   2.1095263e-01   2.3736097e-01   1.6826243e-01   1.1209362e-01   2.3663614e-01   4.8823292e-02   8.6601106e-02   1.2455641e-01   9.9897952e-02   8.4323007e-02   3.4017680e-01   2.1764588e-01   8.0286960e-02   7.7707437e-02   2.4324882e-01
   2.3580898e-01   1.2494114e-01   1.3933237e-01   1.0561041e-01   1.0000000e+00   2.6134448e-01   1.0602522e-01   2.3846635e-01   1.6611361e-01   9.5393709e-02   1.5999013e-01   3.0687633e-01   2.9759058e-01   2.0187284e-01   2.8082220e-01   1.3968432e-01   2.1720324e-01   3.0941795e-01   2.1359394e-01   1.8334945e-01   3.8088114e-02   3.3578924e-01   1.4132420e-01   6.0473403e-01   2.7363250e-01   2.6141144e-01   1.8799295e-01   2.0633618e-01   9.9802334e-02   2.9244668e-01   1.8887730e-01   2.0716352e-01   2.7536026e-01   1.6018285e-01   1.3293184e-01   3.0381733e-01   2.9676077e-01   3.1133518e-01   4.3996307e-02   1.5415668e-01   2.5082468e-01   1.4134703e-01   2.6267489e-01   1.5073574e-01   2.4740839e-01   2.0749894e-01   2.4149250e-01   3.0307144e-01   2.6554825e-01   2.5236401e-01   1.9069382e-01   3.0826580e-01   2.6092629e-01   2.2343717e-01   2.0354906e-01   2.9392006e-01   2.3462870e-01   1.6954496e-01
   3.1080800e-01   3.8976941e-01   3.4543514e-01   2.4387117e-01   2.6134448e-01   1.0000000e+00   2.2482080e-01   3.6243787e-01   5.7050212e-01   3.7551857e-01   4.3808062e-01   3.8050475e-01   2.5543855e-01   4.8303044e-01   3.3380499e-01   2.1038993e-01   2.4527479e-01   3.4866594e-01   4.0490181e-01   3.2668780e-01   2.0083894e-01   3.1104320e-01   5.6195984e-01   2.7072351e-01   4.8576035e-01   2.5599368e-01   3.4638881e-01   4.6497185e-01   3.5483325e-01   4.6052709e-01   3.8903305e-01   5.6227485e-01   7.0284854e-01   6.0697637e-01   3.5024912e-01   2.5343182e-01   1.8810363e-01   6.1874590e-01   4.0337774e-01   2.3445805e-01   7.3661478e-01   3.6664002e-01   4.0245738e-01   5.2133176e-01   4.6855201e-01   2.7951994e-01   3.2528298e-01   5.0217737e-01   2.2437454e-01   2.2181080e-01   3.3713097e-01   3.0658194e-01   2.6134008e-01   4.6261005e-01   4.7532113e-01   2.7432096e-01   2.7613120e-01   4.0987147e-01
   1.1603696e-01   2.4011880e-01   2.3180239e-01   1.7959223e-01   1.0602522e-01   2.2482080e-01   1.0000000e+00   2.1788195e-01   1.5402041e-01   1.6919936e-01   2.3925085e-01   1.9805681e-01   6.5835761e-02   2.5808378e-01   1.8662047e-01   1.3956624e-01   2.0780704e-01   2.1097346e-01   2.5353538e-01   2.0113118e-01   1.2081314e-01   1.1340036e-01   2.3287823e-01   9.6107259e-02   2.2529047e-01   1.0672240e-01   2.4456994e-01   1.8556777e-01   1.8328887e-01   2.6640560e-01   1.6560756e-01   1.9689284e-01   1.9349116e-01   1.6823166e-01   9.4809673e-02   1.2481633e-01   4.5782758e-02   2.5271989e-01   2.1148779e-01   1.2495376e-01   2.6046125e-01   2.1107516e-01   2.8195943e-01   1.5048914e-01   2.2442539e-01   2.1525013e-01   1.5413762e-01   2.1286741e-01   8.1052202e-02   1.2096297e-01   1.3623516e-01   9.7097024e-02   1.2287292e-01   2.5402178e-01   1.9684582e-01   8.0130285e-02   1.3512621e-01   2.0055822e-01
   2.2707900e-01   2.7630285e-01   1.9813727e-01   1.6226548e-01   2.3846635e-01   3.6243787e-01   2.1788195e-01   1.0000000e+00   2.5512656e-01   1.6731913e-01   3.4007231e-01   3.1656640e-01   2.9418012e-01   2.4805468e-01   2.5467307e-01   1.4449988e-01   2.0334575e-01   3.1643483e-01   2.5484345e-01   2.5357814e-01   1.0538801e-01   2.4605431e-01   3.0497982e-01   2.6137983e-01   2.5966536e-01   1.9949209e-01   2.4798510e-01   2.0675628e-01   1.8354982e-01   3.2229235e-01   1.8392160e-01   2.5816286e-01   2.8773581e-01   2.8571985e-01   1.4218488e-01   2.1704295e-01   1.3376856e-01   3.2561761e-01   1.7234633e-01   1.8473389e-01   3.8025243e-01   3.1157146e-01   4.1383768e-01   1.9998656e-01   3.3895637e-01   2.1081756e-01   2.5043654e-01   3.5345000e-01   2.0988889e-01   1.7943467e-01   1.6136949e-01   2.2440045e-01   2.8480534e-01   3.0895358e-01   2.7163917e-01   2.5579383e-01   2.1761597e-01   2.5065972e-01
   2.7436842e-01   3.2282481e-01   2.7729019e-01   2.3274975e-01   1.6611361e-01   5.7050212e-01   1.5402041e-01   2.5512656e-01   1.0000000e+00   3.2863428e-01   3.5434586e-01   3.4904380e-01   1.9323475e-01   4.4169597e-01   2.8846488e-01   1.8597615e-01   2.5726679e-01   2.8658741e-01   3.4423122e-01   2.7958557e-01   1.9349176e-01   2.6498138e-01   4.8208185e-01   2.5173467e-01   4.2125612e-01   2.0385641e-01   3.0902410e-01   4.2273266e-01   2.8697065e-01   3.9646145e-01   3.2584177e-01   5.1057145e-01   5.5786800e-01   7.5805910e-01   2.9774544e-01   2.3066688e-01   2.0101888e-01   4.8419509e-01   2.8853725e-01   2.5367609e-01   5.4519623e-01   3.2223213e-01   3.2147036e-01   7.6909012e-01   3.3918640e-01   2.6063840e-01   3.3033955e-01   5.0829650e-01   1.8947978e-01   2.0142167e-01   3.2300248e-01   2.3561637e-01   2.3576638e-01   3.8121461e-01   4.7509807e-01   2.2004305e-01   2.0097935e-01   3.3583021e-01
   2.4188602e-01   2.2648116e-01   2.5698949e-01   2.5195127e-01   9.5393709e-02   3.7551857e-01   1.6919936e-01   1.6731913e-01   3.2863428e-01   1.0000000e+00   2.3350994e-01   1.6152645e-01   1.4799583e-01   4.3222055e-01   2.1004539e-01   1.4047424e-01   1.7163493e-01   2.1734600e-01   3.0981399e-01   2.4853813e-01   1.5788248e-01   1.6663631e-01   4.1978555e-01   1.5284327e-01   4.3123457e-01   1.1040050e-01   2.2746248e-01   3.2685533e-01   2.4990367e-01   3.1325787e-01   3.4110793e-01   4.1054104e-01   3.3195768e-01   3.0252942e-01   3.4703623e-01   1.8347947e-01   1.1208741e-01   2.9198612e-01   6.6834190e-01   2.1344223e-01   3.1279078e-01   2.5315155e-01   2.2257305e-01   3.2522401e-01   2.3938296e-01   2.1565599e-01   2.3297821e-01   3.2974599e-01   1.6762052e-01   1.4415465e-01   1.7953368e-01   2.2208881e-01   1.8624970e-01   3.5793468e-01   3.1178964e-01   1.8524631e-01   7.3550868e-02   3.6106517e-01
   2.5326285e-01   7.6206688e-01   6.6076204e-01   2.4193734e-01   1.5999013e-01   4.3808062e-01   2.3925085e-01   3.4007231e-01   3.5434586e-01   2.3350994e-01   1.0000000e+00   5.2064131e-01   2.5143659e-01   3.8234625e-01   3.5434977e-01   1.8476328e-01   2.5823381e-01   3.4034325e-01   3.6440828e-01   4.0212462e-01   1.7128001e-01   3.0559241e-01   4.4958607e-01   1.7283965e-01   3.8887938e-01   1.9662279e-01   3.6869101e-01   3.7599721e-01   2.2878674e-01   5.3808001e-01   2.8741909e-01   3.5586798e-01   3.7904355e-01   3.2420649e-01   2.3592133e-01   2.3888474e-01   1.5647648e-01   5.2408839e-01   2.4111854e-01   1.8767489e-01   4.7628739e-01   7.5410181e-01   4.2421218e-01   3.2155234e-01   3.4285330e-01   2.9087129e-01   3.0114157e-01   4.7201717e-01   2.0200175e-01   1.7325815e-01   2.1775327e-01   2.7038331e-01   2.7821625e-01   3.1186514e-01   5.4171491e-01   2.5514146e-01   2.2431034e-01   3.9266409e-01
   2.6073832e-01   4.2993833e-01   3.8197520e-01   1.8951780e-01   3.0687633e-01   3.8050475e-01   1.9805681e-01   3.1656640e-01   3.4904380e-01   1.6152645e-01   5.2064131e-01   1.0000000e+00   3.2416094e-01   3.3277822e-01   3.7684810e-01   2.0341095e-01   2.8681512e-01   3.3163927e-01   2.8161497e-01   2.8501788e-01   1.6395855e-01   3.1542589e-01   3.3846942e-01   3.5288841e-01   3.1844007e-01   3.0806378e-01   3.0046569e-01   3.1331575e-01   2.1454421e-01   4.1864914e-01   2.5077738e-01   3.3840328e-01   3.5540378e-01   2.8657502e-01   1.9193756e-01   2.7236218e-01   2.7383751e-01   4.2475008e-01   1.7981592e-01   2.1390760e-01   3.8552384e-01   4.5029613e-01   3.3692810e-01   3.2756644e-01   2.8414930e-01   2.5739883e-01   2.9539762e-01   4.0675486e-01   2.4265712e-01   2.5052604e-01   2.1048607e-01   2.8495230e-01   3.0553233e-01   3.0002292e-01   4.1649922e-01   2.9918274e-01   2.3793950e-01   2.7008757e-01
   3.5514853e-01   1.9005981e-01   1.5626241e-01   1.5141244e-02   2.9759058e-01   2.5543855e-01   6.5835761e-02   2.9418012e-01   1.9323475e-01   1.4799583e-01   2.5143659e-01   3.2416094e-01   1.0000000e+00   2.4442216e-01   3.2861365e-01   1.0440805e-01   1.9487419e-01   2.4130295e-01   1.7200856e-01   2.1668567e-01   1.3219016e-01   4.8081748e-01   1.5914432e-01   3.5541995e-01   2.8779826e-01   5.9532965e-01   1.4683828e-01   2.3939142e-01   1.3526590e-01   2.5258304e-01   1.9463618e-01   2.6261713e-01   2.3647541e-01   2.1282015e-01   1.0070655e-01   3.0209850e-01   3.4594434e-01   2.5474312e-01   1.5152939e-01   1.4395741e-01   1.6867128e-01   2.1591906e-01   2.5520477e-01   2.2135437e-01   2.0606499e-01   9.7175339e-02   2.9712208e-01   2.4343185e-01   3.6796461e-01   1.4788837e-01   7.0271473e-02   3.0558638e-01   4.5923055e-01   1.9582728e-01   2.9642825e-01   3.8806659e-01   1.6123442e-01   2.7883222e-01
   3.1268391e-01   3.5340613e-01   3.5694665e-01   2.6927610e-01   2.0187284e-01   4.8303044e-01   2.5808378e-01   2.4805468e-01   4.4169597e-01   4.3222055e-01   3.8234625e-01   3.3277822e-01   2.4442216e-01   1.0000000e+00   3.1982545e-01   2.1049351e-01   3.0837110e-01   3.1034301e-01   3.8645844e-01   3.3152328e-01   1.9310962e-01   2.0710856e-01   4.7459337e-01   1.9914846e-01   7.7344494e-01   2.2397080e-01   3.7215553e-01   5.8933106e-01   3.1577006e-01   4.5079552e-01   3.4899144e-01   7.9916967e-01   4.6550286e-01   4.1889706e-01   3.4966223e-01   2.4080423e-01   2.2700484e-01   4.3775599e-01   4.6249746e-01   2.6005221e-01   4.7551731e-01   3.1560041e-01   3.3886297e-01   4.1883210e-01   3.2268966e-01   2.6999591e-01   3.1761143e-01   4.5246169e-01   2.6679820e-01   1.9015386e-01   2.6947795e-01   2.3781895e-01   2.7441755e-01   3.9769874e-01   4.3232152e-01   3.0785850e-01   1.5730124e-01   4.2685633e-01
   3.3924468e-01   3.1506358e-01   2.6337845e-01   1.8535211e-01   2.8082220e-01   3.3380499e-01   1.8662047e-01   2.5467307e-01   2.8846488e-01   2.1004539e-01   3.5434977e-01   3.7684810e-01   3.2861365e-01   3.1982545e-01   1.0000000e+00   2.3115388e-01   2.9910803e-01   4.1065990e-01   3.2051530e-01   3.6577066e-01   2.0850232e-01   3.6427511e-01   3.4990786e-01   3.1316853e-01   3.3963768e-01   2.8847360e-01   3.0339973e-01   3.1760234e-01   1.7020484e-01   4.0328627e-01   3.4408962e-01   3.4847832e-01   3.2972483e-01   2.6209962e-01   2.6535502e-01   2.8525850e-01   2.8827605e-01   4.0970055e-01   2.5461138e-01   2.5749805e-01   3.3717037e-01   3.1512045e-01   3.4571220e-01   2.7913431e-01   2.6552719e-01   3.0852658e-01   2.9189705e-01   3.7853292e-01   2.6687205e-01   1.6603379e-01   2.6021024e-01   3.2748681e-01   2.6813518e-01   2.9602969e-01   3.5352847e-01   3.1684489e-01   2.5732970e-01   3.5139297e-01
   1.6984690e-01   1.6541768e-01   1.4656900e-01   8.3933439e-02   1.3968432e-01   2.1038993e-01   1.3956624e-01   1.4449988e-01   1.8597615e-01   1.4047424e-01   1.8476328e-01   2.0341095e-01   1.0440805e-01   2.1049351e-01   2.3115388e-01   1.0000000e+00   1.8575194e-01   2.6114311e-01   1.5548451e-01   2.1463820e-01   1.2981960e-01   1.1681482e-01   1.8168721e-01   1.5661858e-01   2.0901939e-01   9.3855377e-02   1.9196099e-01   1.7391264e-01   1.5231511e-01   2.1606507e-01   2.2108800e-01   1.9882003e-01   2.2678194e-01   1.5538657e-01   1.9190228e-01   1.0769716e-01   1.8242855e-01   2.2652368e-01   1.6091685e-01   9.4641310e-02   2.6406324e-01   1.5779566e-01   2.6682893e-01   1.9651361e-01   1.8797311e-01   3.8573423e-01   1.1127137e-01   2.5110055e-01   8.4723540e-02   1.9120000e-01   3.0304536e-01   1.2425807e-01   1.1763905e-01   1.8834371e-01   2.2051660e-01   1.3011821e-01   2.7108469e-01   2.4686811e-01
   2.5952884e-01   2.8983988e-01   2.1665748e-01   1.1431971e-01   2.1720324e-01   2.4527479e-01   2.0780704e-01   2.0334575e-01   2.5726679e-01   1.7163493e-01   2.5823381e-01   2.8681512e-01   1.9487419e-01   3.0837110e-01   2.9910803e-01   1.8575194e-01   1.0000000e+00   3.0077041e-01   2.1396020e-01   2.1082816e-01   1.1276376e-01   2.2026557e-01   2.8949029e-01   2.4343822e-01   3.2343319e-01   2.3138268e-01   2.3300008e-01   2.8469666e-01   1.4324716e-01   2.7413026e-01   2.0102001e-01   3.1934837e-01   2.8437670e-01   1.8607395e-01   2.4217184e-01   2.4804618e-01   3.9930859e-01   3.1747074e-01   1.8746967e-01   1.4062321e-01   2.9473764e-01   2.7205047e-01   2.7677294e-01   2.1950490e-01   2.2353851e-01   2.1587955e-01   3.0552812e-01   3.7725736e-01   3.3204601e-01   2.0916209e-01   2.5559384e-01   2.6989129e-01   4.1312671e-01   2.2512560e-01   2.9131744e-01   3.6458563e-01   2.0295536e-01   2.6524715e-01
   3.3226408e-01   3.3726973e-01   2.5633836e-01   1.7172202e-01   3.0941795e-01   3.4866594e-01   2.1097346e-01   3.1643483e-01   2.8658741e-01   2.1734600e-01   3.4034325e-01   3.3163927e-01   2.4130295e-01   3.1034301e-01   4.1065990e-01   2.6114311e-01   3.0077041e-01   1.0000000e+00   2.6784554e-01   2.8957280e-01   1.6683964e-01   3.2593863e-01   3.6266823e-01   3.0639925e-01   3.2839416e-01   2.3273033e-01   2.9394558e-01   3.0420563e-01   2.9031051e-01   4.0701635e-01   3.4449106e-01   3.4712418e-01   3.1351231e-01   2.9017836e-01   3.1341439e-01   3.0089631e-01   2.9487222e-01   4.2149067e-01   2.6047295e-01   2.2048960e-01   3.8439055e-01   2.7615316e-01   3.5981424e-01   2.4412577e-01   3.5300482e-01   3.9698913e-01   3.0019732e-01   4.3477657e-01   2.5737395e-01   1.5621619e-01   3.6284113e-01   2.9522302e-01   2.6442178e-01   3.2186288e-01   3.6863190e-01   2.5667068e-01   2.6469419e-01   3.9159439e-01
   1.8293856e-01   3.2773097e-01   3.5202658e-01   2.2937539e-01   2.1359394e-01   4.0490181e-01   2.5353538e-01   2.5484345e-01   3.4423122e-01   3.0981399e-01   3.6440828e-01   2.8161497e-01   1.7200856e-01   3.8645844e-01   3.2051530e-01   1.5548451e-01   2.1396020e-01   2.6784554e-01   1.0000000e+00   2.7978183e-01   2.7458208e-01   2.7909696e-01   4.3536754e-01   2.2094722e-01   3.9489183e-01   1.3779027e-01   3.1531525e-01   3.4817184e-01   2.3449603e-01   3.7207017e-01   3.2585042e-01   3.7955162e-01   3.9186272e-01   3.1907469e-01   2.8518156e-01   1.7015135e-01   1.4822249e-01   3.7118207e-01   3.3475772e-01   1.8155574e-01   4.0798466e-01   3.3561381e-01   3.4582539e-01   2.9723166e-01   3.4573278e-01   2.4306159e-01   2.3027060e-01   4.2093083e-01   1.8564762e-01   1.5145795e-01   2.4398294e-01   2.8401414e-01   1.7806908e-01   4.1440603e-01   3.5067171e-01   2.3063095e-01   1.8666253e-01   3.3535835e-01
   2.4323950e-01   3.4430920e-01   3.2418646e-01   2.7981429e-01   1.8334945e-01   3.2668780e-01   2.0113118e-01   2.5357814e-01   2.7958557e-01   2.4853813e-01   4.0212462e-01   2.8501788e-01   2.1668567e-01   3.3152328e-01   3.6577066e-01   2.1463820e-01   2.1082816e-01   2.8957280e-01   2.7978183e-01   1.0000000e+00   1.7389034e-01   2.3763807e-01   3.6725181e-01   1.7194001e-01   3.5482183e-01   1.5157606e-01   3.1805743e-01   2.8955119e-01   1.5201349e-01   4.0948050e-01   2.3422549e-01   3.1361440e-01   2.9856358e-01   2.5505411e-01   2.5507458e-01   1.9516471e-01   1.8036553e-01   3.6977517e-01   2.8433386e-01   1.7270457e-01   4.2422561e-01   3.9101838e-01   3.2442454e-01   2.3759301e-01   2.8201460e-01   2.8782951e-01   2.1878139e-01   3.5122655e-01   1.7559234e-01   1.8088575e-01   2.4179746e-01   2.2885658e-01   2.1436220e-01   2.9227026e-01   3.2931070e-01   2.0756553e-01   1.9566910e-01   3.2403478e-01
   1.4209219e-01   1.4941162e-01   1.3302339e-01   1.7382334e-01   3.8088114e-02   2.0083894e-01   1.2081314e-01   1.0538801e-01   1.9349176e-01   1.5788248e-01   1.7128001e-01   1.6395855e-01   1.3219016e-01   1.9310962e-01   2.0850232e-01   1.2981960e-01   1.1276376e-01   1.6683964e-01   2.7458208e-01   1.7389034e-01   1.0000000e+00   1.3334801e-01   2.5983074e-01   8.6357634e-02   1.9881736e-01   1.2292208e-01   2.3930141e-01   1.5897803e-01   1.1170122e-01   1.9264789e-01   1.3846782e-01   2.0831162e-01   1.5975014e-01   1.6037480e-01   1.1528377e-01   1.0522276e-01   7.3908982e-02   2.2303989e-01   1.8855843e-01   1.3291870e-01   1.7960052e-01   1.7805793e-01   1.8393041e-01   1.6886256e-01   1.9071536e-01   1.7899352e-01   1.1555191e-01   2.1742269e-01   9.3229737e-02   1.5193040e-01   1.2651663e-01   1.5201222e-01   1.4761577e-01   2.0918272e-01   2.1033263e-01   1.7359516e-01   8.3778422e-02   1.7867622e-01
   4.2137107e-01   2.4875838e-01   1.7878062e-01   6.7501063e-02   3.3578924e-01   3.1104320e-01   1.1340036e-01   2.4605431e-01   2.6498138e-01   1.6663631e-01   3.0559241e-01   3.1542589e-01   4.8081748e-01   2.0710856e-01   3.6427511e-01   1.1681482e-01   2.2026557e-01   3.2593863e-01   2.7909696e-01   2.3763807e-01   1.3334801e-01   1.0000000e+00   2.9666437e-01   3.9531899e-01   2.2154063e-01   4.2964182e-01   2.4672496e-01   2.1346204e-01   1.8886587e-01   3.1385892e-01   2.5263147e-01   2.2110763e-01   3.2535033e-01   2.5938253e-01   2.0384273e-01   3.0877127e-01   3.0737311e-01   3.5375236e-01   1.5912489e-01   2.2743231e-01   3.0652273e-01   2.5857576e-01   3.1993341e-01   2.3791090e-01   2.4898475e-01   1.2066731e-01   3.5996534e-01   3.1398443e-01   3.6375978e-01   9.4315342e-02   1.2016608e-01   3.7097032e-01   3.9434050e-01   2.6397624e-01   3.0955857e-01   4.0247697e-01   1.6064833e-01   3.5856015e-01
   3.0010635e-01   4.5726490e-01   3.6804517e-01   3.3345893e-01   1.4132420e-01   5.6195984e-01   2.3287823e-01   3.0497982e-01   4.8208185e-01   4.1978555e-01   4.4958607e-01   3.3846942e-01   1.5914432e-01   4.7459337e-01   3.4990786e-01   1.8168721e-01   2.8949029e-01   3.6266823e-01   4.3536754e-01   3.6725181e-01   2.5983074e-01   2.9666437e-01   1.0000000e+00   2.2815063e-01   5.0088285e-01   1.6367105e-01   4.2588944e-01   4.1987628e-01   3.2666276e-01   5.1604397e-01   3.8587788e-01   5.1335491e-01   5.3865650e-01   4.5550553e-01   3.8774339e-01   2.6359806e-01   1.2668036e-01   5.3432800e-01   4.4740821e-01   2.4020078e-01   5.5892944e-01   4.6032904e-01   4.7828443e-01   4.3719701e-01   3.7135966e-01   3.3073633e-01   3.1032783e-01   4.8660970e-01   1.9856365e-01   2.1376702e-01   2.9113786e-01   2.5405858e-01   2.0847729e-01   4.3503268e-01   4.9781705e-01   2.2441431e-01   1.6528571e-01   4.5905843e-01
   2.7944192e-01   1.4428993e-01   1.0712845e-01   5.1187315e-02   6.0473403e-01   2.7072351e-01   9.6107259e-02   2.6137983e-01   2.5173467e-01   1.5284327e-01   1.7283965e-01   3.5288841e-01   3.5541995e-01   1.9914846e-01   3.1316853e-01   1.5661858e-01   2.4343822e-01   3.0639925e-01   2.2094722e-01   1.7194001e-01   8.6357634e-02   3.9531899e-01   2.2815063e-01   1.0000000e+00   2.3993472e-01   3.0584591e-01   1.6108313e-01   2.0741567e-01   1.0414442e-01   3.1910292e-01   1.9780495e-01   2.0615084e-01   3.0373556e-01   2.1741945e-01   1.7376585e-01   3.2971627e-01   3.2804858e-01   3.3978104e-01   1.0062527e-01   1.7626431e-01   2.7406627e-01   1.6591626e-01   2.7733052e-01   2.2013993e-01   2.5910103e-01   2.3354050e-01   2.8002126e-01   3.1422732e-01   2.6563517e-01   2.6195878e-01   2.0012170e-01   3.1121933e-01   3.3349897e-01   2.0639639e-01   2.7693568e-01   3.3230703e-01   2.6994262e-01   2.1858552e-01
   3.5568542e-01   3.5316503e-01   3.4564844e-01   2.6464931e-01   2.7363250e-01   4.8576035e-01   2.2529047e-01   2.5966536e-01   4.2125612e-01   4.3123457e-01   3.8887938e-01   3.1844007e-01   2.8779826e-01   7.7344494e-01   3.3963768e-01   2.0901939e-01   3.2343319e-01   3.2839416e-01   3.9489183e-01   3.5482183e-01   1.9881736e-01   2.2154063e-01   5.0088285e-01   2.3993472e-01   1.0000000e+00   2.4666833e-01   3.9409297e-01   6.4350341e-01   2.8613457e-01   4.6548429e-01   3.4138876e-01   7.5696773e-01   5.0181251e-01   3.9332121e-01   3.0207861e-01   2.2783022e-01   2.7015944e-01   4.6021708e-01   4.3891950e-01   2.2914092e-01   4.5332601e-01   3.6212389e-01   3.4053705e-01   3.9905622e-01   3.1295841e-01   2.8361219e-01   3.1190974e-01   4.5593166e-01   2.9394846e-01   1.7399792e-01   2.6774336e-01   2.6519304e-01   2.9320610e-01   4.0007215e-01   4.2925039e-01   3.4029506e-01   2.2273820e-01   4.3053806e-01
   3.2140435e-01   1.4407451e-01   1.1847516e-01   4.5357146e-02   2.6141144e-01   2.5599368e-01   1.0672240e-01   1.9949209e-01   2.0385641e-01   1.1040050e-01   1.9662279e-01   3.0806378e-01   5.9532965e-01   2.2397080e-01   2.8847360e-01   9.3855377e-02   2.3138268e-01   2.3273033e-01   1.3779027e-01   1.5157606e-01   1.2292208e-01   4.2964182e-01   1.6367105e-01   3.0584591e-01   2.4666833e-01   1.0000000e+00   1.7570782e-01   2.2234668e-01   1.4829975e-01   2.4188359e-01   2.1044169e-01   2.3712043e-01   2.1980303e-01   2.0610453e-01   1.0038548e-01   3.0415133e-01   3.3061302e-01   2.0891387e-01   1.4160229e-01   1.5820395e-01   2.2554158e-01   1.6223657e-01   2.4582967e-01   2.1080636e-01   1.5442828e-01   3.6399659e-02   3.1615974e-01   2.7044184e-01   3.4644161e-01   2.1099413e-01   8.4905920e-02   2.8080911e-01   3.7961360e-01   1.8195581e-01   2.8091894e-01   3.7455946e-01   1.2278477e-01   2.7004828e-01
   1.9984019e-01   3.4279170e-01   3.2521487e-01   2.8267183e-01   1.8799295e-01   3.4638881e-01   2.4456994e-01   2.4798510e-01   3.0902410e-01   2.2746248e-01   3.6869101e-01   3.0046569e-01   1.4683828e-01   3.7215553e-01   3.0339973e-01   1.9196099e-01   2.3300008e-01   2.9394558e-01   3.1531525e-01   3.1805743e-01   2.3930141e-01   2.4672496e-01   4.2588944e-01   1.6108313e-01   3.9409297e-01   1.7570782e-01   1.0000000e+00   3.2847172e-01   2.9197411e-01   4.6363121e-01   2.3794126e-01   3.3791644e-01   3.5245452e-01   3.0738476e-01   1.8771619e-01   1.8343844e-01   1.8210836e-01   3.7445469e-01   2.7951857e-01   2.0580346e-01   3.6841430e-01   2.9776463e-01   3.7813484e-01   2.7257621e-01   2.9840244e-01   3.2243481e-01   2.2103893e-01   3.8836319e-01   1.6103576e-01   1.5096101e-01   3.1999090e-01   1.8631921e-01   2.3522031e-01   3.1188607e-01   3.9049553e-01   1.6162843e-01   2.0043645e-01   3.3580059e-01
   2.8718209e-01   3.6205707e-01   3.2226537e-01   1.9173037e-01   2.0633618e-01   4.6497185e-01   1.8556777e-01   2.0675628e-01   4.2273266e-01   3.2685533e-01   3.7599721e-01   3.1331575e-01   2.3939142e-01   5.8933106e-01   3.1760234e-01   1.7391264e-01   2.8469666e-01   3.0420563e-01   3.4817184e-01   2.8955119e-01   1.5897803e-01   2.1346204e-01   4.1987628e-01   2.0741567e-01   6.4350341e-01   2.2234668e-01   3.2847172e-01   1.0000000e+00   2.9396452e-01   4.3380558e-01   2.9110836e-01   6.3439574e-01   4.4699917e-01   3.9003546e-01   2.9907643e-01   2.3674697e-01   2.4775115e-01   4.9691378e-01   3.5242740e-01   1.7394793e-01   3.9938436e-01   3.5882086e-01   3.0997437e-01   3.5618522e-01   2.6411414e-01   2.3036541e-01   2.9478388e-01   4.2092615e-01   2.9839464e-01   1.6698316e-01   2.2767813e-01   2.9936618e-01   2.3027682e-01   3.0778799e-01   3.7099794e-01   3.1607209e-01   2.3085695e-01   3.9446366e-01
   1.6565733e-01   2.2290828e-01   2.0026566e-01   2.0216322e-01   9.9802334e-02   3.5483325e-01   1.8328887e-01   1.8354982e-01   2.8697065e-01   2.4990367e-01   2.2878674e-01   2.1454421e-01   1.3526590e-01   3.1577006e-01   1.7020484e-01   1.5231511e-01   1.4324716e-01   2.9031051e-01   2.3449603e-01   1.5201349e-01   1.1170122e-01   1.8886587e-01   3.2666276e-01   1.0414442e-01   2.8613457e-01   1.4829975e-01   2.9197411e-01   2.9396452e-01   1.0000000e+00   2.9285099e-01   3.0924168e-01   3.6369000e-01   3.5181044e-01   2.9671351e-01   2.3866468e-01   1.4897510e-01   1.4508468e-01   3.3208629e-01   2.8424530e-01   1.6384240e-01   3.0890242e-01   1.9681351e-01   2.9425565e-01   2.6395767e-01   2.2055790e-01   2.6689217e-01   1.9906988e-01   3.0345793e-01   1.8743966e-01   1.0628909e-01   2.7633395e-01   1.4303770e-01   1.2673049e-01   2.5747236e-01   2.6632883e-01   1.6616366e-01   1.8696217e-01   2.9480007e-01
   2.7748196e-01   4.8800573e-01   4.2609587e-01   2.6689057e-01   2.9244668e-01   4.6052709e-01   2.6640560e-01   3.2229235e-01   3.9646145e-01   3.1325787e-01   5.3808001e-01   4.1864914e-01   2.5258304e-01   4.5079552e-01   4.0328627e-01   2.1606507e-01   2.7413026e-01   4.0701635e-01   3.7207017e-01   4.0948050e-01   1.9264789e-01   3.1385892e-01   5.1604397e-01   3.1910292e-01   4.6548429e-01   2.4188359e-01   4.6363121e-01   4.3380558e-01   2.9285099e-01   1.0000000e+00   3.6831726e-01   4.5442916e-01   4.4575249e-01   3.7943629e-01   2.8966320e-01   2.7817421e-01   2.1195581e-01   5.0569291e-01   3.2930196e-01   2.3548745e-01   4.8445456e-01   4.5543136e-01   4.5579777e-01   3.8722544e-01   3.4522706e-01   3.5770884e-01   3.2620443e-01   4.5881208e-01   2.4466013e-01   2.0670364e-01   2.9448487e-01   3.1645213e-01   3.0634223e-01   3.6332508e-01   4.9635025e-01   2.3446990e-01   2.6620476e-01   4.0111998e-01
   2.8563167e-01   2.6684234e-01   2.3821048e-01   1.1716092e-01   1.8887730e-01   3.8903305e-01   1.6560756e-01   1.8392160e-01   3.2584177e-01   3.4110793e-01   2.8741909e-01   2.5077738e-01   1.9463618e-01   3.4899144e-01   3.4408962e-01   2.2108800e-01   2.0102001e-01   3.4449106e-01   3.2585042e-01   2.3422549e-01   1.3846782e-01   2.5263147e-01   3.8587788e-01   1.9780495e-01   3.4138876e-01   2.1044169e-01   2.3794126e-01   2.9110836e-01   3.0924168e-01   3.6831726e-01   1.0000000e+00   3.5331607e-01   3.8577293e-01   3.0829426e-01   4.4435507e-01   2.1870284e-01   1.6165061e-01   3.6108194e-01   3.7824934e-01   2.3296272e-01   3.4211880e-01   2.8042698e-01   2.8871318e-01   3.0640770e-01   2.4239090e-01   2.7256602e-01   3.2358951e-01   3.6768857e-01   1.6593464e-01   1.4700567e-01   2.6095811e-01   2.2848077e-01   2.1839294e-01   2.9948830e-01   3.4604579e-01   1.8580221e-01   1.6002711e-01   4.5430867e-01
   3.2035601e-01   3.6696258e-01   3.4004181e-01   2.5422477e-01   2.0716352e-01   5.6227485e-01   1.9689284e-01   2.5816286e-01   5.1057145e-01   4.1054104e-01   3.5586798e-01   3.3840328e-01   2.6261713e-01   7.9916967e-01   3.4847832e-01   1.9882003e-01   3.1934837e-01   3.4712418e-01   3.7955162e-01   3.1361440e-01   2.0831162e-01   2.2110763e-01   5.1335491e-01   2.0615084e-01   7.5696773e-01   2.3712043e-01   3.3791644e-01   6.3439574e-01   3.6369000e-01   4.5442916e-01   3.5331607e-01   1.0000000e+00   5.7073947e-01   4.8970586e-01   3.7287030e-01   2.6902776e-01   2.8621802e-01   5.1737764e-01   4.3287441e-01   2.0606949e-01   4.9840108e-01   3.2025143e-01   3.3674741e-01   4.8535856e-01   3.2019098e-01   2.6636000e-01   3.2367516e-01   4.6142645e-01   3.0104187e-01   2.0435086e-01   2.8090153e-01   2.8808529e-01   2.9405560e-01   3.7819446e-01   4.2790914e-01   3.5092205e-01   2.3501875e-01   4.0202617e-01
   2.9646579e-01   3.5337348e-01   3.0173297e-01   2.1973329e-01   2.7536026e-01   7.0284854e-01   1.9349116e-01   2.8773581e-01   5.5786800e-01   3.3195768e-01   3.7904355e-01   3.5540378e-01   2.3647541e-01   4.6550286e-01   3.2972483e-01   2.2678194e-01   2.8437670e-01   3.1351231e-01   3.9186272e-01   2.9856358e-01   1.5975014e-01   3.2535033e-01   5.3865650e-01   3.0373556e-01   5.0181251e-01   2.1980303e-01   3.5245452e-01   4.4699917e-01   3.5181044e-01   4.4575249e-01   3.8577293e-01   5.7073947e-01   1.0000000e+00   5.6124333e-01   3.3516783e-01   2.3446401e-01   1.9568914e-01   5.7101780e-01   3.8446830e-01   2.1814271e-01   7.0390686e-01   3.2609113e-01   3.9384014e-01   5.2406016e-01   4.0966715e-01   2.9196510e-01   3.4197831e-01   4.8259096e-01   2.0251377e-01   2.4009570e-01   2.7814136e-01   2.5742999e-01   2.3048228e-01   4.2634276e-01   4.2689724e-01   2.6777143e-01   2.6042143e-01   3.9411464e-01
   2.7473256e-01   3.0255424e-01   2.5582468e-01   1.9659821e-01   1.6018285e-01   6.0697637e-01   1.6823166e-01   2.8571985e-01   7.5805910e-01   3.0252942e-01   3.2420649e-01   2.8657502e-01   2.1282015e-01   4.1889706e-01   2.6209962e-01   1.5538657e-01   1.8607395e-01   2.9017836e-01   3.1907469e-01   2.5505411e-01   1.6037480e-01   2.5938253e-01   4.5550553e-01   2.1741945e-01   3.9332121e-01   2.0610453e-01   3.0738476e-01   3.9003546e-01   2.9671351e-01   3.7943629e-01   3.0829426e-01   4.8970586e-01   5.6124333e-01   1.0000000e+00   3.2114928e-01   2.0971222e-01   1.8556568e-01   4.6272502e-01   3.4464550e-01   1.9770608e-01   5.3872911e-01   2.6811451e-01   3.2747784e-01   7.1741241e-01   3.4005645e-01   2.5512091e-01   2.9424989e-01   4.5248970e-01   1.4658246e-01   1.7426875e-01   3.0586937e-01   2.0219231e-01   2.0487246e-01   3.8255481e-01   4.1371852e-01   1.9908373e-01   2.3848051e-01   3.4288201e-01
   3.1435330e-01   2.4402608e-01   2.0066599e-01   1.5817157e-01   1.3293184e-01   3.5024912e-01   9.4809673e-02   1.4218488e-01   2.9774544e-01   3.4703623e-01   2.3592133e-01   1.9193756e-01   1.0070655e-01   3.4966223e-01   2.6535502e-01   1.9190228e-01   2.4217184e-01   3.1341439e-01   2.8518156e-01   2.5507458e-01   1.1528377e-01   2.0384273e-01   3.8774339e-01   1.7376585e-01   3.0207861e-01   1.0038548e-01   1.8771619e-01   2.9907643e-01   2.3866468e-01   2.8966320e-01   4.4435507e-01   3.7287030e-01   3.3516783e-01   3.2114928e-01   1.0000000e+00   2.2170867e-01   1.9012680e-01   3.6000114e-01   3.7471619e-01   1.8657522e-01   3.5221587e-01   2.0857465e-01   2.5550759e-01   2.6479180e-01   2.5239766e-01   2.8103632e-01   3.3474962e-01   3.6228715e-01   1.8100533e-01   1.1193094e-01   2.7785287e-01   2.1489032e-01   1.9136731e-01   2.6211073e-01   3.0490462e-01   2.3314614e-01   1.9405397e-01   4.3214206e-01
   2.8720420e-01   2.5100694e-01   2.0673494e-01   2.5526924e-02   3.0381733e-01   2.5343182e-01   1.2481633e-01   2.1704295e-01   2.3066688e-01   1.8347947e-01   2.3888474e-01   2.7236218e-01   3.0209850e-01   2.4080423e-01   2.8525850e-01   1.0769716e-01   2.4804618e-01   3.0089631e-01   1.7015135e-01   1.9516471e-01   1.0522276e-01   3.0877127e-01   2.6359806e-01   3.2971627e-01   2.2783022e-01   3.0415133e-01   1.8343844e-01   2.3674697e-01   1.4897510e-01   2.7817421e-01   2.1870284e-01   2.6902776e-01   2.3446401e-01   2.0971222e-01   2.2170867e-01   1.0000000e+00   2.3476939e-01   2.9327966e-01   1.8297385e-01   1.5261063e-01   2.3384659e-01   2.3970283e-01   2.8686951e-01   2.1918070e-01   2.3545849e-01   1.7926798e-01   5.0439357e-01   3.0382122e-01   2.6236562e-01   1.3692850e-01   1.8562321e-01   2.0086236e-01   2.5706974e-01   1.7245431e-01   3.2139452e-01   3.3131651e-01   1.5201881e-01   2.3311136e-01
   2.6177391e-01   1.6045417e-01   1.2249377e-01   2.2913685e-02   2.9676077e-01   1.8810363e-01   4.5782758e-02   1.3376856e-01   2.0101888e-01   1.1208741e-01   1.5647648e-01   2.7383751e-01   3.4594434e-01   2.2700484e-01   2.8827605e-01   1.8242855e-01   3.9930859e-01   2.9487222e-01   1.4822249e-01   1.8036553e-01   7.3908982e-02   3.0737311e-01   1.2668036e-01   3.2804858e-01   2.7015944e-01   3.3061302e-01   1.8210836e-01   2.4775115e-01   1.4508468e-01   2.1195581e-01   1.6165061e-01   2.8621802e-01   1.9568914e-01   1.8556568e-01   1.9012680e-01   2.3476939e-01   1.0000000e+00   2.5322930e-01   1.1624462e-01   1.2877094e-01   1.6571314e-01   1.5509493e-01   1.7496656e-01   1.6609797e-01   1.1717872e-01   2.1804198e-01   2.3277693e-01   2.8246587e-01   3.4336621e-01   1.9391416e-01   2.4862765e-01   2.1048792e-01   4.1589784e-01   1.1336632e-01   2.0730376e-01   4.4967882e-01   3.0768796e-01   2.2185278e-01
   3.4285057e-01   5.2200201e-01   4.1473098e-01   2.5325152e-01   3.1133518e-01   6.1874590e-01   2.5271989e-01   3.2561761e-01   4.8419509e-01   2.9198612e-01   5.2408839e-01   4.2475008e-01   2.5474312e-01   4.3775599e-01   4.0970055e-01   2.2652368e-01   3.1747074e-01   4.2149067e-01   3.7118207e-01   3.6977517e-01   2.2303989e-01   3.5375236e-01   5.3432800e-01   3.3978104e-01   4.6021708e-01   2.0891387e-01   3.7445469e-01   4.9691378e-01   3.3208629e-01   5.0569291e-01   3.6108194e-01   5.1737764e-01   5.7101780e-01   4.6272502e-01   3.6000114e-01   2.9327966e-01   2.5322930e-01   1.0000000e+00   3.5889897e-01   2.3348502e-01   5.9390067e-01   4.9146855e-01   4.6437795e-01   4.1475849e-01   3.9619865e-01   3.5883093e-01   3.4418553e-01   5.3843692e-01   2.3763450e-01   2.1228322e-01   3.5289438e-01   3.3318102e-01   2.9154534e-01   4.0635152e-01   4.9661649e-01   3.1636445e-01   3.4322533e-01   4.0298786e-01
   2.4109889e-01   2.4167396e-01   2.8700081e-01   2.6027765e-01   4.3996307e-02   4.0337774e-01   2.1148779e-01   1.7234633e-01   2.8853725e-01   6.6834190e-01   2.4111854e-01   1.7981592e-01   1.5152939e-01   4.6249746e-01   2.5461138e-01   1.6091685e-01   1.8746967e-01   2.6047295e-01   3.3475772e-01   2.8433386e-01   1.8855843e-01   1.5912489e-01   4.4740821e-01   1.0062527e-01   4.3891950e-01   1.4160229e-01   2.7951857e-01   3.5242740e-01   2.8424530e-01   3.2930196e-01   3.7824934e-01   4.3287441e-01   3.8446830e-01   3.4464550e-01   3.7471619e-01   1.8297385e-01   1.1624462e-01   3.5889897e-01   1.0000000e+00   1.7541497e-01   3.6412332e-01   2.5547962e-01   3.0211296e-01   3.0338135e-01   2.4459003e-01   2.6425034e-01   2.6234236e-01   3.4169881e-01   1.2735804e-01   9.4080091e-02   2.2135940e-01   1.9497672e-01   1.5376244e-01   3.9502357e-01   3.2654957e-01   1.3731380e-01   8.9996688e-02   4.1943069e-01
   1.9367747e-01   1.6880475e-01   1.5603004e-01   1.4242611e-01   1.5415668e-01   2.3445805e-01   1.2495376e-01   1.8473389e-01   2.5367609e-01   2.1344223e-01   1.8767489e-01   2.1390760e-01   1.4395741e-01   2.6005221e-01   2.5749805e-01   9.4641310e-02   1.4062321e-01   2.2048960e-01   1.8155574e-01   1.7270457e-01   1.3291870e-01   2.2743231e-01   2.4020078e-01   1.7626431e-01   2.2914092e-01   1.5820395e-01   2.0580346e-01   1.7394793e-01   1.6384240e-01   2.3548745e-01   2.3296272e-01   2.0606949e-01   2.1814271e-01   1.9770608e-01   1.8657522e-01   1.5261063e-01   1.2877094e-01   2.3348502e-01   1.7541497e-01   1.0000000e+00   2.7889295e-01   1.9537595e-01   2.0274977e-01   2.1817547e-01   2.1493708e-01   1.6010069e-01   1.8925527e-01   3.0601614e-01   1.5607901e-01   9.6671615e-02   1.1407463e-01   1.6316559e-01   2.1229469e-01   2.6435883e-01   2.2962383e-01   1.8818716e-01   1.2202498e-01   2.5736233e-01
   3.1334805e-01   4.3707089e-01   3.5897280e-01   2.5528007e-01   2.5082468e-01   7.3661478e-01   2.6046125e-01   3.8025243e-01   5.4519623e-01   3.1279078e-01   4.7628739e-01   3.8552384e-01   1.6867128e-01   4.7551731e-01   3.3717037e-01   2.6406324e-01   2.9473764e-01   3.8439055e-01   4.0798466e-01   4.2422561e-01   1.7960052e-01   3.0652273e-01   5.5892944e-01   2.7406627e-01   4.5332601e-01   2.2554158e-01   3.6841430e-01   3.9938436e-01   3.0890242e-01   4.8445456e-01   3.4211880e-01   4.9840108e-01   7.0390686e-01   5.3872911e-01   3.5221587e-01   2.3384659e-01   1.6571314e-01   5.9390067e-01   3.6412332e-01   2.7889295e-01   1.0000000e+00   3.8671704e-01   4.5664057e-01   4.8954530e-01   4.9651316e-01   3.3437624e-01   3.7083957e-01   5.4391095e-01   2.0173700e-01   2.7552411e-01   3.6048692e-01   2.9751558e-01   2.5344124e-01   4.4140822e-01   4.8753257e-01   2.4461748e-01   2.9388043e-01   3.9512019e-01
   2.0924515e-01   7.1460363e-01   6.2496383e-01   2.4920874e-01   1.4134703e-01   3.6664002e-01   2.1107516e-01   3.1157146e-01   3.2223213e-01   2.5315155e-01   7.5410181e-01   4.5029613e-01   2.1591906e-01   3.1560041e-01   3.1512045e-01   1.5779566e-01   2.7205047e-01   2.7615316e-01   3.3561381e-01   3.9101838e-01   1.7805793e-01   2.5857576e-01   4.6032904e-01   1.6591626e-01   3.6212389e-01   1.6223657e-01   2.9776463e-01   3.5882086e-01   1.9681351e-01   4.5543136e-01   2.8042698e-01   3.2025143e-01   3.2609113e-01   2.6811451e-01   2.0857465e-01   2.3970283e-01   1.5509493e-01   4.9146855e-01   2.5547962e-01   1.9537595e-01   3.8671704e-01   1.0000000e+00   3.9280623e-01   2.9441236e-01   2.9989538e-01   2.7307530e-01   2.5067083e-01   4.1153587e-01   1.9214658e-01   1.7408793e-01   1.5957296e-01   2.4882477e-01   2.5697167e-01   2.6735228e-01   4.3183701e-01   2.2955731e-01   1.8284729e-01   3.3764026e-01
   2.7112442e-01   4.1963505e-01   3.3474717e-01   3.0893679e-01   2.6267489e-01   4.0245738e-01   2.8195943e-01   4.1383768e-01   3.2147036e-01   2.2257305e-01   4.2421218e-01   3.3692810e-01   2.5520477e-01   3.3886297e-01   3.4571220e-01   2.6682893e-01   2.7677294e-01   3.5981424e-01   3.4582539e-01   3.2442454e-01   1.8393041e-01   3.1993341e-01   4.7828443e-01   2.7733052e-01   3.4053705e-01   2.4582967e-01   3.7813484e-01   3.0997437e-01   2.9425565e-01   4.5579777e-01   2.8871318e-01   3.3674741e-01   3.9384014e-01   3.2747784e-01   2.5550759e-01   2.8686951e-01   1.7496656e-01   4.6437795e-01   3.0211296e-01   2.0274977e-01   4.5664057e-01   3.9280623e-01   1.0000000e+00   2.8077589e-01   4.5733531e-01   3.3795101e-01   3.0996542e-01   4.5555353e-01   1.8459504e-01   1.9398236e-01   2.7712110e-01   2.2913740e-01   2.5846804e-01   3.8053199e-01   3.9778175e-01   2.0304846e-01   2.5225160e-01   3.7579531e-01
