   1.0000000e+00   1.9719215e-01   1.5732302e-01   1.1383437e-01   2.2992655e-01   3.1514523e-01   1.1187636e-01   2.2639839e-01   2.4389146e-01   2.3019100e-01   2.4720240e-01   2.5772884e-01   3.4622531e-01   3.0772545e-01   3.3332744e-01   1.6753256e-01   2.5724915e-01   3.3613385e-01   1.8133483e-01   2.3793670e-01   1.3660905e-01   4.1930050e-01   2.9316933e-01   2.7558378e-01   3.4994193e-01   3.1562058e-01   1.9785454e-01   2.7792888e-01   1.5695696e-01   2.7008847e-01   2.8211489e-01   3.1349741e-01   2.8799238e-01   2.6423350e-01   3.1087242e-01   2.8429568e-01   2.5487941e-01   3.3893847e-01   2.4659106e-01   2.0251171e-01   3.0902996e-01   1.9922494e-01   2.6583580e-01   2.0894502e-01   2.3020438e-01   1.4385656e-01   3.0392001e-01   3.1550162e-01   3.0058260e-01   1.2689633e-01   1.8708867e-01   2.8586069e-01   3.5887291e-01   2.2563341e-01   2.8470992e-01   3.6734665e-01   1.7359717e-01   4.0400141e-01
   1.9719215e-01   1.0000000e+00   6.5626313e-01   2.6664633e-01   1.2191177e-01   4.0218021e-01   2.3294664e-01   2.8005357e-01   2.9516712e-01   2.1094314e-01   7.6215914e-01   4.2969776e-01   1.8290463e-01   3.5016917e-01   3.1050951e-01   1.6351733e-01   2.8321656e-01   3.4635695e-01   3.2520073e-01   3.3967357e-01   1.3522234e-01   2.4708058e-01   4.4973230e-01   1.4302924e-01   3.4141865e-01   1.4178598e-01   3.3832859e-01   3.5192187e-01   2.2715214e-01   4.8798562e-01   2.6439118e-01   3.6235880e-01   3.5151542e-01   2.8959732e-01   2.4051982e-01   2.5333668e-01   1.5373165e-01   5.2266345e-01   2.3840945e-01   1.7434754e-01   4.4055321e-01   7.1097812e-01   4.1575948e-01   3.0109481e-01   3.3818301e-01   3.0221675e-01   2.7470963e-01   4.3823546e-01   1.8753351e-01   1.8776025e-01   2.5317977e-01   2.3606376e-01   2.4688066e-01   2.5180753e-01   5.2285660e-01   2.1241735e-01   2.1489486e-01   2.9651755e-01
   1.5732302e-01   6.5626313e-01   1.0000000e+00   2.7588691e-01   1.4333407e-01   3.6891650e-01   2.2703451e-01   2.0370617e-01   2.4909283e-01   2.4633298e-01   6.5353449e-01   3.7999453e-01   1.5001244e-01   3.5379379e-01   2.5825828e-01   1.4804469e-01   2.0955073e-01   2.6081724e-01   3.5458497e-01   3.1743169e-01   1.2960174e-01   1.7561319e-01   3.5622239e-01   1.0586678e-01   3.4200743e-01   1.1678154e-01   3.2280512e-01   3.1185787e-01   2.0020624e-01   4.2064172e-01   2.3302102e-01   3.3967602e-01   3.0259872e-01   2.5195189e-01   1.9419417e-01   2.0812219e-01   1.1935267e-01   4.1532116e-01   2.9268101e-01   1.6525629e-01   3.5928097e-01   6.2011619e-01   3.3551207e-01   3.0317837e-01   2.4479239e-01   2.3392211e-01   2.6641957e-01   4.1640270e-01   1.6269124e-01   1.1649494e-01   2.1726394e-01   1.7523571e-01   1.5822734e-01   2.9863712e-01   4.4634007e-01   1.4062208e-01   1.7533036e-01   2.8507908e-01
   1.1383437e-01   2.6664633e-01   2.7588691e-01   1.0000000e+00   1.2623077e-01   2.8808455e-01   1.8321100e-01   2.0106553e-01   2.5729913e-01   2.7930170e-01   2.8094816e-01   2.2299877e-01   3.3307609e-02   2.9516942e-01   2.2088468e-01   1.0778701e-01   1.5124170e-01   2.2904656e-01   2.7654372e-01   3.0587693e-01   2.0404068e-01   1.0268650e-01   3.9314978e-01   8.4578349e-02   2.8217042e-01   5.8270984e-02   3.1327859e-01   2.2573623e-01   2.4147971e-01   3.1693177e-01   1.6241277e-01   2.7898673e-01   2.6607621e-01   2.3190964e-01   1.9671142e-01   7.8603398e-02   3.4747021e-02   3.2160399e-01   2.8303411e-01   1.7537337e-01   3.1139466e-01   2.9394979e-01   3.5660623e-01   2.4885485e-01   2.8915625e-01   1.9997151e-01   1.4334830e-01   2.9590061e-01   5.8142696e-02   1.0886235e-01   1.4797618e-01   1.2167338e-01   1.0872738e-01   3.6273842e-01   2.6119234e-01   1.0634672e-01   1.1205386e-01   2.9293192e-01
   2.2992655e-01   1.2191177e-01   1.4333407e-01   1.2623077e-01   1.0000000e+00   2.6935387e-01   1.0431429e-01   2.3741698e-01   1.3738951e-01   9.3901296e-02   1.5889328e-01   3.0897571e-01   2.8954255e-01   1.9759837e-01   2.7923078e-01   1.4200317e-01   2.1084145e-01   3.0926306e-01   2.0981250e-01   1.7832685e-01   2.6743913e-02   3.3216817e-01   1.3899974e-01   6.0112469e-01   2.6225989e-01   2.5283582e-01   1.8182475e-01   1.9730966e-01   9.5398621e-02   2.8613592e-01   1.8823150e-01   2.0399332e-01   2.7052883e-01   1.4656267e-01   1.3921178e-01   3.0059462e-01   2.9065809e-01   3.0917767e-01   5.4762743e-02   1.6038121e-01   2.4607806e-01   1.3392226e-01   2.6369070e-01   1.3800972e-01   2.5208065e-01   2.0488956e-01   2.3518527e-01   2.9456023e-01   2.6501106e-01   2.5879740e-01   1.8743024e-01   3.0388833e-01   2.4866335e-01   2.2449799e-01   2.0517520e-01   2.8878105e-01   2.3259808e-01   1.6397551e-01
   3.1514523e-01   4.0218021e-01   3.6891650e-01   2.8808455e-01   2.6935387e-01   1.0000000e+00   2.1187681e-01   3.6347465e-01   5.3115470e-01   3.7235102e-01   4.5960587e-01   3.8809068e-01   2.5706524e-01   4.7681910e-01   3.3269839e-01   2.1475576e-01   2.3448737e-01   3.6412007e-01   4.1282263e-01   3.2216032e-01   1.9452655e-01   3.1107134e-01   5.4173804e-01   2.7253039e-01   4.7281017e-01   2.5839571e-01   3.4729922e-01   4.3962884e-01   3.3754219e-01   4.6269888e-01   3.9697713e-01   5.3990522e-01   6.7342775e-01   5.9147592e-01   3.5806544e-01   2.5542451e-01   1.8535574e-01   6.1016295e-01   4.0825216e-01   2.4832639e-01   7.2923536e-01   3.7307903e-01   4.0844455e-01   5.3314841e-01   4.7479134e-01   2.7812111e-01   3.2683552e-01   5.1231993e-01   2.2500790e-01   2.2426402e-01   3.4001524e-01   3.0877224e-01   2.6658293e-01   4.5724580e-01   5.0331132e-01   2.7477198e-01   2.8221195e-01   4.1151718e-01
   1.1187636e-01   2.3294664e-01   2.2703451e-01   1.8321100e-01   1.0431429e-01   2.1187681e-01   1.0000000e+00   2.1521976e-01   1.3577524e-01   1.5240607e-01   2.3169126e-01   1.9575916e-01   6.1767290e-02   2.4791614e-01   1.8137132e-01   1.3582701e-01   2.0090606e-01   2.1099627e-01   2.5115390e-01   1.8978002e-01   1.0959602e-01   1.0824572e-01   2.1908748e-01   9.4055880e-02   2.1534865e-01   1.0006602e-01   2.3212304e-01   1.7845036e-01   1.7206847e-01   2.5839326e-01   1.6113849e-01   1.9313409e-01   1.8387159e-01   1.5907774e-01   9.3421505e-02   1.1926740e-01   4.3624719e-02   2.4387945e-01   1.9697467e-01   1.2614640e-01   2.4474133e-01   2.0418012e-01   2.6700243e-01   1.4953169e-01   2.1630245e-01   2.0844497e-01   1.4859723e-01   2.0587595e-01   7.8536148e-02   1.1444689e-01   1.2968867e-01   9.0044592e-02   1.2171400e-01   2.4232512e-01   1.9264354e-01   7.7171077e-02   1.3744476e-01   1.9313339e-01
   2.2639839e-01   2.8005357e-01   2.0370617e-01   2.0106553e-01   2.3741698e-01   3.6347465e-01   2.1521976e-01   1.0000000e+00   2.3461091e-01   1.6542610e-01   3.5024605e-01   3.1859777e-01   3.0234813e-01   2.5177219e-01   2.5362379e-01   1.4177656e-01   1.9450583e-01   3.1711152e-01   2.5619013e-01   2.5462199e-01   1.0119401e-01   2.5409708e-01   3.0337641e-01   2.6357713e-01   2.5805565e-01   2.0135865e-01   2.4842062e-01   2.0245560e-01   1.7902445e-01   3.2598886e-01   1.8669574e-01   2.6032658e-01   2.8263920e-01   2.7866895e-01   1.4372194e-01   2.2086533e-01   1.2927082e-01   3.2964678e-01   1.7891644e-01   1.9775243e-01   3.7403911e-01   3.0947906e-01   4.1874158e-01   1.9752239e-01   3.4087281e-01   2.0517358e-01   2.4613326e-01   3.4948920e-01   2.1282159e-01   1.7985276e-01   1.5412025e-01   2.2600573e-01   2.8493520e-01   3.0973504e-01   2.7729260e-01   2.5940756e-01   2.1514665e-01   2.5491849e-01
   2.4389146e-01   2.9516712e-01   2.4909283e-01   2.5729913e-01   1.3738951e-01   5.3115470e-01   1.3577524e-01   2.3461091e-01   1.0000000e+00   2.8171575e-01   3.2782291e-01   3.2128650e-01   1.5824726e-01   4.0808808e-01   2.6275747e-01   1.7442105e-01   2.2659038e-01   2.7304497e-01   3.2759214e-01   2.6204495e-01   1.6970532e-01   2.4805401e-01   4.4206947e-01   2.2190935e-01   3.6563586e-01   1.7374047e-01   2.8599541e-01   3.7705181e-01   2.5285460e-01   3.7334974e-01   3.1398571e-01   4.6423441e-01   5.2752019e-01   7.7765433e-01   2.8285903e-01   2.0281094e-01   1.6300872e-01   4.6251813e-01   2.7282249e-01   2.4373977e-01   5.2319773e-01   2.9162299e-01   2.9882830e-01   7.5867614e-01   3.1769503e-01   2.4449262e-01   3.0485936e-01   4.7161396e-01   1.5362285e-01   1.8721268e-01   3.2187316e-01   2.2187983e-01   1.9943649e-01   3.6502458e-01   4.5679876e-01   1.7507587e-01   1.8011330e-01   3.0230673e-01
   2.3019100e-01   2.1094314e-01   2.4633298e-01   2.7930170e-01   9.3901296e-02   3.7235102e-01   1.5240607e-01   1.6542610e-01   2.8171575e-01   1.0000000e+00   2.1268534e-01   1.5186100e-01   1.4200255e-01   4.1718791e-01   1.9779985e-01   1.3973763e-01   1.6286591e-01   2.0832232e-01   2.9346118e-01   2.3568395e-01   1.4788669e-01   1.5756021e-01   4.0503992e-01   1.5113695e-01   4.2137103e-01   9.7928951e-02   2.0711917e-01   3.0496775e-01   2.3544180e-01   2.9062462e-01   3.2359808e-01   4.0115382e-01   3.1930310e-01   2.7759754e-01   3.2328867e-01   1.7836626e-01   1.0432607e-01   2.8072676e-01   6.5359846e-01   2.1552046e-01   2.9239933e-01   2.4000700e-01   2.1410287e-01   3.0237303e-01   2.3730398e-01   2.0224716e-01   2.1926013e-01   3.0713533e-01   1.5869768e-01   1.4139085e-01   1.6614510e-01   2.2071571e-01   1.7283739e-01   3.4533368e-01   2.9651595e-01   1.7687537e-01   6.8521981e-02   3.3650880e-01
   2.4720240e-01   7.6215914e-01   6.5353449e-01   2.8094816e-01   1.5889328e-01   4.5960587e-01   2.3169126e-01   3.5024605e-01   3.2782291e-01   2.1268534e-01   1.0000000e+00   5.1675590e-01   2.4819314e-01   3.7680215e-01   3.4690794e-01   1.8674251e-01   2.4790875e-01   3.5196802e-01   3.6411084e-01   3.9323686e-01   1.5996424e-01   3.0315905e-01   4.3836090e-01   1.6898487e-01   3.7858965e-01   1.9650237e-01   3.7321346e-01   3.6525290e-01   2.3104124e-01   5.3686187e-01   2.8372494e-01   3.5278290e-01   3.8214968e-01   3.2155516e-01   2.3033942e-01   2.3635732e-01   1.4937156e-01   5.2713295e-01   2.3178375e-01   1.9525449e-01   4.8344242e-01   7.3920342e-01   4.2239638e-01   3.2049817e-01   3.4678553e-01   2.8194677e-01   2.9173497e-01   4.7168110e-01   1.9954670e-01   1.6820456e-01   2.1594973e-01   2.6167508e-01   2.7147320e-01   3.0595519e-01   5.4905928e-01   2.4765538e-01   2.2405771e-01   3.8830752e-01
   2.5772884e-01   4.2969776e-01   3.7999453e-01   2.2299877e-01   3.0897571e-01   3.8809068e-01   1.9575916e-01   3.1859777e-01   3.2128650e-01   1.5186100e-01   5.1675590e-01   1.0000000e+00   3.1615597e-01   3.2969276e-01   3.7264007e-01   2.0566838e-01   2.8750903e-01   3.3757913e-01   2.8193230e-01   2.8308762e-01   1.5621932e-01   3.1545435e-01   3.3234620e-01   3.5198364e-01   3.1414337e-01   3.0128597e-01   2.9810264e-01   3.0667068e-01   2.0128293e-01   4.1554980e-01   2.4815974e-01   3.3324885e-01   3.5068695e-01   2.7817638e-01   1.8853414e-01   2.7111694e-01   2.7108662e-01   4.2595317e-01   1.8406039e-01   2.2049082e-01   3.8553714e-01   4.4404292e-01   3.3493219e-01   3.2195273e-01   2.8713699e-01   2.5554634e-01   2.8813765e-01   4.0348951e-01   2.4536429e-01   2.5302349e-01   2.0825486e-01   2.8278861e-01   2.9921737e-01   2.9299852e-01   4.2180376e-01   2.9823211e-01   2.3775071e-01   2.6482434e-01
   3.4622531e-01   1.8290463e-01   1.5001244e-01   3.3307609e-02   2.8954255e-01   2.5706524e-01   6.1767290e-02   3.0234813e-01   1.5824726e-01   1.4200255e-01   2.4819314e-01   3.1615597e-01   1.0000000e+00   2.3893135e-01   3.1865381e-01   1.0132410e-01   1.8268721e-01   2.3158257e-01   1.7332796e-01   2.1155225e-01   1.2569395e-01   4.7808666e-01   1.5125351e-01   3.4795391e-01   2.7995775e-01   5.9116131e-01   1.3679842e-01   2.2498599e-01   1.2776496e-01   2.4008811e-01   1.8407682e-01   2.5346678e-01   2.2089097e-01   1.9947071e-01   9.6011067e-02   2.9453597e-01   3.3083472e-01   2.4308018e-01   1.6137518e-01   1.4233878e-01   1.5776870e-01   2.0407112e-01   2.5225454e-01   1.9372365e-01   2.0553852e-01   8.5560832e-02   2.7942374e-01   2.2623513e-01   3.6439543e-01   1.4235998e-01   6.3539593e-02   3.0097489e-01   4.4276177e-01   1.9717486e-01   2.8317886e-01   3.8440468e-01   1.5138986e-01   2.7120650e-01
   3.0772545e-01   3.5016917e-01   3.5379379e-01   2.9516942e-01   1.9759837e-01   4.7681910e-01   2.4791614e-01   2.5177219e-01   4.0808808e-01   4.1718791e-01   3.7680215e-01   3.2969276e-01   2.3893135e-01   1.0000000e+00   3.1643673e-01   2.1332683e-01   3.0417608e-01   3.1383396e-01   3.8527185e-01   3.2613291e-01   1.8550126e-01   2.0511590e-01   4.5832252e-01   1.9404607e-01   7.7272680e-01   2.2009476e-01   3.5913439e-01   5.7881013e-01   3.0663745e-01   4.4549868e-01   3.4442304e-01   8.0026481e-01   4.5993586e-01   4.1014075e-01   3.5024529e-01   2.3731447e-01   2.2189735e-01   4.3206910e-01   4.5377740e-01   2.7050823e-01   4.7165162e-01   3.0642908e-01   3.3509025e-01   4.2638686e-01   3.2347955e-01   2.6314069e-01   3.1688993e-01   4.4885768e-01   2.6557063e-01   1.9375861e-01   2.5969048e-01   2.3453674e-01   2.7247877e-01   3.9283531e-01   4.2676198e-01   3.0182681e-01   1.5905163e-01   4.1925214e-01
   3.3332744e-01   3.1050951e-01   2.5825828e-01   2.2088468e-01   2.7923078e-01   3.3269839e-01   1.8137132e-01   2.5362379e-01   2.6275747e-01   1.9779985e-01   3.4690794e-01   3.7264007e-01   3.1865381e-01   3.1643673e-01   1.0000000e+00   2.3168452e-01   2.9488506e-01   4.1321267e-01   3.1941610e-01   3.6324570e-01   2.0220995e-01   3.6107576e-01   3.4198005e-01   3.0966716e-01   3.3635681e-01   2.8024654e-01   3.0465943e-01   3.0938605e-01   1.6585601e-01   3.9528624e-01   3.4046592e-01   3.4411279e-01   3.2067195e-01   2.5086548e-01   2.6412715e-01   2.7996454e-01   2.8111307e-01   4.0477296e-01   2.5868566e-01   2.6758934e-01   3.2924831e-01   3.0349063e-01   3.4512827e-01   2.7211475e-01   2.6757360e-01   2.9894058e-01   2.8420407e-01   3.7024413e-01   2.6456147e-01   1.6799882e-01   2.5542294e-01   3.2402718e-01   2.6107272e-01   2.8923558e-01   3.4854808e-01   3.1207415e-01   2.5598328e-01   3.4403931e-01
   1.6753256e-01   1.6351733e-01   1.4804469e-01   1.0778701e-01   1.4200317e-01   2.1475576e-01   1.3582701e-01   1.4177656e-01   1.7442105e-01   1.3973763e-01   1.8674251e-01   2.0566838e-01   1.0132410e-01   2.1332683e-01   2.3168452e-01   1.0000000e+00   1.9026782e-01   2.6506701e-01   1.5251183e-01   2.2239191e-01   1.3164945e-01   1.0931902e-01   1.7952759e-01   1.5783139e-01   2.1551473e-01   8.8553675e-02   1.9587145e-01   1.7220104e-01   1.4291317e-01   2.2112848e-01   2.2202166e-01   2.0265763e-01   2.3192470e-01   1.5433432e-01   1.9182357e-01   1.0442283e-01   1.8604845e-01   2.2986193e-01   1.6312617e-01   9.5566808e-02   2.6414106e-01   1.5696731e-01   2.5415416e-01   2.0138414e-01   1.8850121e-01   3.9310681e-01   1.0414183e-01   2.4793411e-01   7.8855078e-02   1.8965713e-01   3.0194391e-01   1.2380409e-01   1.1583964e-01   1.8632403e-01   2.2118406e-01   1.2597403e-01   2.8086134e-01   2.4706174e-01
   2.5724915e-01   2.8321656e-01   2.0955073e-01   1.5124170e-01   2.1084145e-01   2.3448737e-01   2.0090606e-01   1.9450583e-01   2.2659038e-01   1.6286591e-01   2.4790875e-01   2.8750903e-01   1.8268721e-01   3.0417608e-01   2.9488506e-01   1.9026782e-01   1.0000000e+00   2.9885115e-01   2.1106453e-01   2.0838688e-01   1.1025317e-01   2.1811587e-01   2.8386019e-01   2.4077673e-01   3.1572715e-01   2.2281697e-01   2.2053154e-01   2.7316467e-01   1.3806067e-01   2.6609382e-01   1.9840288e-01   3.1494658e-01   2.7580700e-01   1.7075993e-01   2.4307122e-01   2.4612485e-01   3.9753339e-01   3.1364045e-01   1.9392618e-01   1.4100442e-01   2.8693521e-01   2.6574649e-01   2.6732040e-01   2.0671251e-01   2.1653007e-01   2.0450566e-01   2.9984727e-01   3.6832372e-01   3.3565021e-01   2.1097964e-01   2.4993248e-01   2.6978782e-01   4.0946634e-01   2.2122744e-01   2.8459194e-01   3.6235709e-01   2.0075310e-01   2.6024016e-01
   3.3613385e-01   3.4635695e-01   2.6081724e-01   2.2904656e-01   3.0926306e-01   3.6412007e-01   2.1099627e-01   3.1711152e-01   2.7304497e-01   2.0832232e-01   3.5196802e-01   3.3757913e-01   2.3158257e-01   3.1383396e-01   4.1321267e-01   2.6506701e-01   2.9885115e-01   1.0000000e+00   2.7211968e-01   2.8978592e-01   1.5930637e-01   3.2965138e-01   3.6521182e-01   3.0592109e-01   3.3101667e-01   2.2794023e-01   3.0287011e-01   3.0151571e-01   2.9232280e-01   4.1434628e-01   3.4678577e-01   3.5068537e-01   3.1284538e-01   2.9277958e-01   3.1423912e-01   3.0028085e-01   2.8738488e-01   4.3270305e-01   2.6652187e-01   2.3540235e-01   3.9307358e-01   2.7292736e-01   3.6562969e-01   2.3953936e-01   3.6345635e-01   3.9468211e-01   2.9805267e-01   4.3932574e-01   2.5755514e-01   1.5475058e-01   3.5472245e-01   2.9429236e-01   2.5765990e-01   3.2619941e-01   3.7517213e-01   2.5179472e-01   2.6592067e-01   3.9372157e-01
   1.8133483e-01   3.2520073e-01   3.5458497e-01   2.7654372e-01   2.0981250e-01   4.1282263e-01   2.5115390e-01   2.5619013e-01   3.2759214e-01   2.9346118e-01   3.6411084e-01   2.8193230e-01   1.7332796e-01   3.8527185e-01   3.1941610e-01   1.5251183e-01   2.1106453e-01   2.7211968e-01   1.0000000e+00   2.7681588e-01   2.7076701e-01   2.8215697e-01   4.3406851e-01   2.1868831e-01   3.8823821e-01   1.3860489e-01   3.1099593e-01   3.4294566e-01   2.3294694e-01   3.6517241e-01   3.2423638e-01   3.7807289e-01   3.9156337e-01   3.1391087e-01   2.8308568e-01   1.7226357e-01   1.4703153e-01   3.7325818e-01   3.4579535e-01   1.9639829e-01   4.0856873e-01   3.3780140e-01   3.4744995e-01   3.1425049e-01   3.4718128e-01   2.3996819e-01   2.3196435e-01   4.2366521e-01   1.8795767e-01   1.5355813e-01   2.4476951e-01   2.8306561e-01   1.7730010e-01   4.1694353e-01   3.5718974e-01   2.3213986e-01   1.8788408e-01   3.3425292e-01
   2.3793670e-01   3.3967357e-01   3.1743169e-01   3.0587693e-01   1.7832685e-01   3.2216032e-01   1.8978002e-01   2.5462199e-01   2.6204495e-01   2.3568395e-01   3.9323686e-01   2.8308762e-01   2.1155225e-01   3.2613291e-01   3.6324570e-01   2.2239191e-01   2.0838688e-01   2.8978592e-01   2.7681588e-01   1.0000000e+00   1.6549020e-01   2.3175423e-01   3.6132427e-01   1.6550493e-01   3.4427070e-01   1.4399847e-01   3.0708603e-01   2.7911568e-01   1.5394633e-01   4.0275120e-01   2.3552228e-01   3.1211859e-01   2.9730990e-01   2.4892470e-01   2.5205291e-01   1.9014199e-01   1.7331313e-01   3.6918023e-01   2.7714600e-01   1.7842203e-01   4.1643286e-01   3.8359389e-01   3.1870064e-01   2.4253368e-01   2.7715832e-01   2.8527751e-01   2.1089615e-01   3.4155702e-01   1.7061685e-01   1.8752799e-01   2.3933279e-01   2.2292377e-01   2.0254959e-01   2.8876387e-01   3.2592785e-01   1.9927290e-01   1.9448852e-01   3.1628028e-01
   1.3660905e-01   1.3522234e-01   1.2960174e-01   2.0404068e-01   2.6743913e-02   1.9452655e-01   1.0959602e-01   1.0119401e-01   1.6970532e-01   1.4788669e-01   1.5996424e-01   1.5621932e-01   1.2569395e-01   1.8550126e-01   2.0220995e-01   1.3164945e-01   1.1025317e-01   1.5930637e-01   2.7076701e-01   1.6549020e-01   1.0000000e+00   1.2100044e-01   2.5799935e-01   7.3781119e-02   1.8977684e-01   1.2129355e-01   2.3077153e-01   1.5157942e-01   1.0655733e-01   1.7992179e-01   1.3311243e-01   2.0191330e-01   1.5099264e-01   1.4608844e-01   1.1204340e-01   9.8894984e-02   6.7675128e-02   2.1475946e-01   1.8945794e-01   1.3240808e-01   1.6532153e-01   1.6909679e-01   1.7539848e-01   1.5407863e-01   1.7925600e-01   1.7616409e-01   1.0572001e-01   1.9996936e-01   8.9929172e-02   1.4272687e-01   1.2189349e-01   1.4648544e-01   1.3992504e-01   1.9449630e-01   2.0089233e-01   1.6845899e-01   8.0067044e-02   1.6895283e-01
   4.1930050e-01   2.4708058e-01   1.7561319e-01   1.0268650e-01   3.3216817e-01   3.1107134e-01   1.0824572e-01   2.5409708e-01   2.4805401e-01   1.5756021e-01   3.0315905e-01   3.1545435e-01   4.7808666e-01   2.0511590e-01   3.6107576e-01   1.0931902e-01   2.1811587e-01   3.2965138e-01   2.8215697e-01   2.3175423e-01   1.2100044e-01   1.0000000e+00   2.9908893e-01   3.9418761e-01   2.1490031e-01   4.2648468e-01   2.4360706e-01   2.0847454e-01   1.8083007e-01   3.0945966e-01   2.4799607e-01   2.1697025e-01   3.1994150e-01   2.5057205e-01   1.9946032e-01   3.0607688e-01   3.0226498e-01   3.5340742e-01   1.6941172e-01   2.3787191e-01   3.0263997e-01   2.5645812e-01   3.1968015e-01   2.3689696e-01   2.5103278e-01   1.1241922e-01   3.5764869e-01   3.1068880e-01   3.6660048e-01   9.7921068e-02   1.1790887e-01   3.7056507e-01   3.8839714e-01   2.6555183e-01   3.1259283e-01   4.0099302e-01   1.5799826e-01   3.5066100e-01
   2.9316933e-01   4.4973230e-01   3.5622239e-01   3.9314978e-01   1.3899974e-01   5.4173804e-01   2.1908748e-01   3.0337641e-01   4.4206947e-01   4.0503992e-01   4.3836090e-01   3.3234620e-01   1.5125351e-01   4.5832252e-01   3.4198005e-01   1.7952759e-01   2.8386019e-01   3.6521182e-01   4.3406851e-01   3.6132427e-01   2.5799935e-01   2.9908893e-01   1.0000000e+00   2.2803976e-01   4.8006444e-01   1.5343147e-01   4.0671897e-01   3.9288689e-01   3.2837022e-01   5.0822949e-01   3.8505567e-01   4.9129404e-01   5.2386570e-01   4.3190678e-01   3.8931597e-01   2.6215939e-01   1.1488668e-01   5.2916545e-01   4.3711477e-01   2.5780545e-01   5.4758900e-01   4.5208188e-01   4.7433450e-01   4.4095383e-01   3.7073518e-01   3.1968391e-01   3.0792299e-01   4.8206681e-01   1.9199728e-01   2.1346257e-01   2.8198049e-01   2.4929262e-01   2.0450756e-01   4.2692890e-01   4.9329841e-01   2.1412385e-01   1.6496820e-01   4.4783156e-01
   2.7558378e-01   1.4302924e-01   1.0586678e-01   8.4578349e-02   6.0112469e-01   2.7253039e-01   9.4055880e-02   2.6357713e-01   2.2190935e-01   1.5113695e-01   1.6898487e-01   3.5198364e-01   3.4795391e-01   1.9404607e-01   3.0966716e-01   1.5783139e-01   2.4077673e-01   3.0592109e-01   2.1868831e-01   1.6550493e-01   7.3781119e-02   3.9418761e-01   2.2803976e-01   1.0000000e+00   2.2823920e-01   2.9512391e-01   1.5297777e-01   1.9838366e-01   9.4284324e-02   3.1285309e-01   1.9250838e-01   1.9932164e-01   2.9570148e-01   1.9927195e-01   1.7718009e-01   3.2399016e-01   3.2100625e-01   3.3704077e-01   1.1008994e-01   1.8527934e-01   2.6858599e-01   1.6070455e-01   2.7108170e-01   1.9740940e-01   2.6087182e-01   2.2550871e-01   2.7303064e-01   3.0481762e-01   2.6752913e-01   2.6470281e-01   1.9568174e-01   3.1049419e-01   3.2277081e-01   2.0346256e-01   2.7340273e-01   3.3009800e-01   2.6607379e-01   2.0924235e-01
   3.4994193e-01   3.4141865e-01   3.4200743e-01   2.8217042e-01   2.6225989e-01   4.7281017e-01   2.1534865e-01   2.5805565e-01   3.6563586e-01   4.2137103e-01   3.7858965e-01   3.1414337e-01   2.7995775e-01   7.7272680e-01   3.3635681e-01   2.1551473e-01   3.1572715e-01   3.3101667e-01   3.8823821e-01   3.4427070e-01   1.8977684e-01   2.1490031e-01   4.8006444e-01   2.2823920e-01   1.0000000e+00   2.3893294e-01   3.7353338e-01   6.2977490e-01   2.7595048e-01   4.5485689e-01   3.3925276e-01   7.5330224e-01   4.8840631e-01   3.6113223e-01   3.0419140e-01   2.2313540e-01   2.5973093e-01   4.4660283e-01   4.3618220e-01   2.3968989e-01   4.4171401e-01   3.4524629e-01   3.3293425e-01   3.7526944e-01   3.1346070e-01   2.8234095e-01   3.1015437e-01   4.4062470e-01   2.8705440e-01   1.7254010e-01   2.6124598e-01   2.5639630e-01   2.8114471e-01   3.9964718e-01   4.1996860e-01   3.2718656e-01   2.1985736e-01   4.2379713e-01
   3.1562058e-01   1.4178598e-01   1.1678154e-01   5.8270984e-02   2.5283582e-01   2.5839571e-01   1.0006602e-01   2.0135865e-01   1.7374047e-01   9.7928951e-02   1.9650237e-01   3.0128597e-01   5.9116131e-01   2.2009476e-01   2.8024654e-01   8.8553675e-02   2.2281697e-01   2.2794023e-01   1.3860489e-01   1.4399847e-01   1.2129355e-01   4.2648468e-01   1.5343147e-01   2.9512391e-01   2.3893294e-01   1.0000000e+00   1.7414752e-01   2.1336388e-01   1.4229471e-01   2.3261092e-01   2.0488817e-01   2.3068162e-01   2.0562061e-01   1.9300977e-01   9.6317578e-02   2.9577245e-01   3.2084802e-01   2.0366505e-01   1.4707322e-01   1.6321873e-01   2.1570838e-01   1.5370577e-01   2.4356806e-01   1.8115561e-01   1.5287220e-01   2.8182179e-02   3.0151810e-01   2.5698852e-01   3.4286822e-01   2.0865063e-01   8.6035938e-02   2.8031660e-01   3.6562616e-01   1.7641924e-01   2.7265129e-01   3.6483332e-01   1.1930988e-01   2.6169647e-01
   1.9785454e-01   3.3832859e-01   3.2280512e-01   3.1327859e-01   1.8182475e-01   3.4729922e-01   2.3212304e-01   2.4842062e-01   2.8599541e-01   2.0711917e-01   3.7321346e-01   2.9810264e-01   1.3679842e-01   3.5913439e-01   3.0465943e-01   1.9587145e-01   2.2053154e-01   3.0287011e-01   3.1099593e-01   3.0708603e-01   2.3077153e-01   2.4360706e-01   4.0671897e-01   1.5297777e-01   3.7353338e-01   1.7414752e-01   1.0000000e+00   3.1139521e-01   2.8408868e-01   4.6168212e-01   2.3500651e-01   3.2385847e-01   3.4506272e-01   3.0035973e-01   1.9781494e-01   1.7996772e-01   1.7943865e-01   3.6423138e-01   2.6184034e-01   2.1726785e-01   3.6335119e-01   2.8187020e-01   3.7433307e-01   2.6616984e-01   2.9337796e-01   3.1981116e-01   2.1114602e-01   3.7830552e-01   1.5472528e-01   1.4655877e-01   3.1755442e-01   1.7921394e-01   2.3038414e-01   3.0017966e-01   3.8773774e-01   1.5557059e-01   2.0821016e-01   3.2678744e-01
   2.7792888e-01   3.5192187e-01   3.1185787e-01   2.2573623e-01   1.9730966e-01   4.3962884e-01   1.7845036e-01   2.0245560e-01   3.7705181e-01   3.0496775e-01   3.6525290e-01   3.0667068e-01   2.2498599e-01   5.7881013e-01   3.0938605e-01   1.7220104e-01   2.7316467e-01   3.0151571e-01   3.4294566e-01   2.7911568e-01   1.5157942e-01   2.0847454e-01   3.9288689e-01   1.9838366e-01   6.2977490e-01   2.1336388e-01   3.1139521e-01   1.0000000e+00   2.8132786e-01   4.1925474e-01   2.8578957e-01   6.1881046e-01   4.3010588e-01   3.6048524e-01   2.9487480e-01   2.3127413e-01   2.3448390e-01   4.8577014e-01   3.4413630e-01   1.8005312e-01   3.8689482e-01   3.4678085e-01   3.0192318e-01   3.2641792e-01   2.5993681e-01   2.2626568e-01   2.9165224e-01   4.0721698e-01   2.9347970e-01   1.6360709e-01   2.2167666e-01   2.9213621e-01   2.1935014e-01   2.9998041e-01   3.5854013e-01   3.0587406e-01   2.2609616e-01   3.8844413e-01
   1.5695696e-01   2.2715214e-01   2.0020624e-01   2.4147971e-01   9.5398621e-02   3.3754219e-01   1.7206847e-01   1.7902445e-01   2.5285460e-01   2.3544180e-01   2.3104124e-01   2.0128293e-01   1.2776496e-01   3.0663745e-01   1.6585601e-01   1.4291317e-01   1.3806067e-01   2.9232280e-01   2.3294694e-01   1.5394633e-01   1.0655733e-01   1.8083007e-01   3.2837022e-01   9.4284324e-02   2.7595048e-01   1.4229471e-01   2.8408868e-01   2.8132786e-01   1.0000000e+00   2.9127160e-01   3.1920733e-01   3.5417449e-01   3.3989675e-01   2.7969805e-01   2.4534642e-01   1.4221419e-01   1.3992414e-01   3.3030874e-01   2.8303186e-01   1.6979696e-01   2.9923555e-01   1.9886263e-01   3.0551097e-01   2.6258179e-01   2.1927785e-01   2.6514636e-01   1.9562392e-01   3.0940785e-01   1.8387720e-01   1.0147390e-01   2.7781150e-01   1.4437558e-01   1.1815058e-01   2.5553934e-01   2.6761558e-01   1.5563687e-01   1.8513631e-01   2.9706165e-01
   2.7008847e-01   4.8798562e-01   4.2064172e-01   3.1693177e-01   2.8613592e-01   4.6269888e-01   2.5839326e-01   3.2598886e-01   3.7334974e-01   2.9062462e-01   5.3686187e-01   4.1554980e-01   2.4008811e-01   4.4549868e-01   3.9528624e-01   2.2112848e-01   2.6609382e-01   4.1434628e-01   3.6517241e-01   4.0275120e-01   1.7992179e-01   3.0945966e-01   5.0822949e-01   3.1285309e-01   4.5485689e-01   2.3261092e-01   4.6168212e-01   4.1925474e-01   2.9127160e-01   1.0000000e+00   3.6507310e-01   4.4738488e-01   4.4049790e-01   3.7354108e-01   2.8832511e-01   2.6955642e-01   2.0185711e-01   5.0505930e-01   3.1826767e-01   2.4694711e-01   4.8413190e-01   4.5020114e-01   4.5163069e-01   3.8925587e-01   3.4684849e-01   3.5301225e-01   3.2043064e-01   4.5292682e-01   2.3795184e-01   2.0505683e-01   2.9233966e-01   3.0778385e-01   2.9717241e-01   3.5580474e-01   4.9509970e-01   2.2272737e-01   2.6558380e-01   3.9275249e-01
   2.8211489e-01   2.6439118e-01   2.3302102e-01   1.6241277e-01   1.8823150e-01   3.9697713e-01   1.6113849e-01   1.8669574e-01   3.1398571e-01   3.2359808e-01   2.8372494e-01   2.4815974e-01   1.8407682e-01   3.4442304e-01   3.4046592e-01   2.2202166e-01   1.9840288e-01   3.4678577e-01   3.2423638e-01   2.3552228e-01   1.3311243e-01   2.4799607e-01   3.8505567e-01   1.9250838e-01   3.3925276e-01   2.0488817e-01   2.3500651e-01   2.8578957e-01   3.1920733e-01   3.6507310e-01   1.0000000e+00   3.5191874e-01   3.8537400e-01   3.0902455e-01   4.4596607e-01   2.1644472e-01   1.5681518e-01   3.6694261e-01   3.7697853e-01   2.4892526e-01   3.4324605e-01   2.7963634e-01   2.8512846e-01   3.1970664e-01   2.4011752e-01   2.6132443e-01   3.2518032e-01   3.6686366e-01   1.6472510e-01   1.4939893e-01   2.5636875e-01   2.2688077e-01   2.1261720e-01   2.9720891e-01   3.4504146e-01   1.8114711e-01   1.6296205e-01   4.4343616e-01
   3.1349741e-01   3.6235880e-01   3.3967602e-01   2.7898673e-01   2.0399332e-01   5.3990522e-01   1.9313409e-01   2.6032658e-01   4.6423441e-01   4.0115382e-01   3.5278290e-01   3.3324885e-01   2.5346678e-01   8.0026481e-01   3.4411279e-01   2.0265763e-01   3.1494658e-01   3.5068537e-01   3.7807289e-01   3.1211859e-01   2.0191330e-01   2.1697025e-01   4.9129404e-01   1.9932164e-01   7.5330224e-01   2.3068162e-01   3.2385847e-01   6.1881046e-01   3.5417449e-01   4.4738488e-01   3.5191874e-01   1.0000000e+00   5.5032459e-01   4.6471952e-01   3.7741704e-01   2.6567166e-01   2.7825683e-01   5.0668289e-01   4.3139952e-01   2.1185168e-01   4.8968122e-01   3.1272001e-01   3.3390304e-01   4.6915517e-01   3.2179474e-01   2.6276394e-01   3.2377930e-01   4.5585724e-01   3.0079988e-01   2.0485095e-01   2.7596484e-01   2.8464418e-01   2.9108356e-01   3.7450677e-01   4.2489290e-01   3.4462275e-01   2.3426650e-01   3.9738184e-01
   2.8799238e-01   3.5151542e-01   3.0259872e-01   2.6607621e-01   2.7052883e-01   6.7342775e-01   1.8387159e-01   2.8263920e-01   5.2752019e-01   3.1930310e-01   3.8214968e-01   3.5068695e-01   2.2089097e-01   4.5993586e-01   3.2067195e-01   2.3192470e-01   2.7580700e-01   3.1284538e-01   3.9156337e-01   2.9730990e-01   1.5099264e-01   3.1994150e-01   5.2386570e-01   2.9570148e-01   4.8840631e-01   2.0562061e-01   3.4506272e-01   4.3010588e-01   3.3989675e-01   4.4049790e-01   3.8537400e-01   5.5032459e-01   1.0000000e+00   5.2955615e-01   3.4060432e-01   2.2622559e-01   1.7912396e-01   5.6109385e-01   3.7745816e-01   2.3038828e-01   7.0248355e-01   3.2085006e-01   3.9422231e-01   5.2241936e-01   4.1253791e-01   2.8562514e-01   3.3864566e-01   4.8460957e-01   1.9216856e-01   2.3742889e-01   2.7269529e-01   2.4681731e-01   2.1890792e-01   4.2302050e-01   4.3818134e-01   2.5411395e-01   2.5440266e-01   3.8848935e-01
   2.6423350e-01   2.8959732e-01   2.5195189e-01   2.3190964e-01   1.4656267e-01   5.9147592e-01   1.5907774e-01   2.7866895e-01   7.7765433e-01   2.7759754e-01   3.2155516e-01   2.7817638e-01   1.9947071e-01   4.1014075e-01   2.5086548e-01   1.5433432e-01   1.7075993e-01   2.9277958e-01   3.1391087e-01   2.4892470e-01   1.4608844e-01   2.5057205e-01   4.3190678e-01   1.9927195e-01   3.6113223e-01   1.9300977e-01   3.0035973e-01   3.6048524e-01   2.7969805e-01   3.7354108e-01   3.0902455e-01   4.6471952e-01   5.2955615e-01   1.0000000e+00   3.2050992e-01   1.9710054e-01   1.6654757e-01   4.5218858e-01   3.3645780e-01   2.0368210e-01   5.2813202e-01   2.5437662e-01   3.2558205e-01   7.2097991e-01   3.3695391e-01   2.5173411e-01   2.8226391e-01   4.4907624e-01   1.2602550e-01   1.7159597e-01   3.1888040e-01   2.0283495e-01   1.8322056e-01   3.8037424e-01   4.2412366e-01   1.7102043e-01   2.3027745e-01   3.3278046e-01
   3.1087242e-01   2.4051982e-01   1.9419417e-01   1.9671142e-01   1.3921178e-01   3.5806544e-01   9.3421505e-02   1.4372194e-01   2.8285903e-01   3.2328867e-01   2.3033942e-01   1.8853414e-01   9.6011067e-02   3.5024529e-01   2.6412715e-01   1.9182357e-01   2.4307122e-01   3.1423912e-01   2.8308568e-01   2.5205291e-01   1.1204340e-01   1.9946032e-01   3.8931597e-01   1.7718009e-01   3.0419140e-01   9.6317578e-02   1.9781494e-01   2.9487480e-01   2.4534642e-01   2.8832511e-01   4.4596607e-01   3.7741704e-01   3.4060432e-01   3.2050992e-01   1.0000000e+00   2.1828903e-01   1.9284142e-01   3.6713770e-01   3.7199707e-01   1.9282185e-01   3.5747346e-01   2.0504325e-01   2.5584345e-01   2.7810396e-01   2.5803840e-01   2.7525884e-01   3.3753543e-01   3.6349144e-01   1.8133226e-01   1.1553284e-01   2.7859186e-01   2.1048377e-01   1.9040793e-01   2.6294962e-01   3.0470008e-01   2.3349080e-01   1.9863154e-01   4.2982853e-01
   2.8429568e-01   2.5333668e-01   2.0812219e-01   7.8603398e-02   3.0059462e-01   2.5542451e-01   1.1926740e-01   2.2086533e-01   2.0281094e-01   1.7836626e-01   2.3635732e-01   2.7111694e-01   2.9453597e-01   2.3731447e-01   2.7996454e-01   1.0442283e-01   2.4612485e-01   3.0028085e-01   1.7226357e-01   1.9014199e-01   9.8894984e-02   3.0607688e-01   2.6215939e-01   3.2399016e-01   2.2313540e-01   2.9577245e-01   1.7996772e-01   2.3127413e-01   1.4221419e-01   2.6955642e-01   2.1644472e-01   2.6567166e-01   2.2622559e-01   1.9710054e-01   2.1828903e-01   1.0000000e+00   2.2891592e-01   2.9417563e-01   1.9525616e-01   1.6018641e-01   2.2775463e-01   2.3966514e-01   2.8335845e-01   1.9817658e-01   2.3557201e-01   1.7978431e-01   4.9798306e-01   2.9528077e-01   2.6477478e-01   1.3695738e-01   1.8483817e-01   1.9752347e-01   2.5122787e-01   1.6613051e-01   3.1915353e-01   3.2866918e-01   1.4876225e-01   2.2707707e-01
   2.5487941e-01   1.5373165e-01   1.1935267e-01   3.4747021e-02   2.9065809e-01   1.8535574e-01   4.3624719e-02   1.2927082e-01   1.6300872e-01   1.0432607e-01   1.4937156e-01   2.7108662e-01   3.3083472e-01   2.2189735e-01   2.8111307e-01   1.8604845e-01   3.9753339e-01   2.8738488e-01   1.4703153e-01   1.7331313e-01   6.7675128e-02   3.0226498e-01   1.1488668e-01   3.2100625e-01   2.5973093e-01   3.2084802e-01   1.7943865e-01   2.3448390e-01   1.3992414e-01   2.0185711e-01   1.5681518e-01   2.7825683e-01   1.7912396e-01   1.6654757e-01   1.9284142e-01   2.2891592e-01   1.0000000e+00   2.4306671e-01   1.2624303e-01   1.2646450e-01   1.5387229e-01   1.3975773e-01   1.6953968e-01   1.3269686e-01   1.1340223e-01   2.0961414e-01   2.2290558e-01   2.6967655e-01   3.4612585e-01   1.9243415e-01   2.4754439e-01   2.0840496e-01   4.0164161e-01   1.0962962e-01   1.9538730e-01   4.4635358e-01   3.0488831e-01   2.1454549e-01
   3.3893847e-01   5.2266345e-01   4.1532116e-01   3.2160399e-01   3.0917767e-01   6.1016295e-01   2.4387945e-01   3.2964678e-01   4.6251813e-01   2.8072676e-01   5.2713295e-01   4.2595317e-01   2.4308018e-01   4.3206910e-01   4.0477296e-01   2.2986193e-01   3.1364045e-01   4.3270305e-01   3.7325818e-01   3.6918023e-01   2.1475946e-01   3.5340742e-01   5.2916545e-01   3.3704077e-01   4.4660283e-01   2.0366505e-01   3.6423138e-01   4.8577014e-01   3.3030874e-01   5.0505930e-01   3.6694261e-01   5.0668289e-01   5.6109385e-01   4.5218858e-01   3.6713770e-01   2.9417563e-01   2.4306671e-01   1.0000000e+00   3.5973575e-01   2.5064124e-01   5.9012434e-01   4.9305221e-01   4.6522521e-01   4.2298680e-01   3.9937526e-01   3.5769478e-01   3.4661090e-01   5.3839121e-01   2.3513701e-01   2.1014946e-01   3.5016419e-01   3.2681131e-01   2.8386178e-01   4.0379037e-01   5.0003874e-01   3.0909547e-01   3.4364453e-01   4.0399751e-01
   2.4659106e-01   2.3840945e-01   2.9268101e-01   2.8303411e-01   5.4762743e-02   4.0825216e-01   1.9697467e-01   1.7891644e-01   2.7282249e-01   6.5359846e-01   2.3178375e-01   1.8406039e-01   1.6137518e-01   4.5377740e-01   2.5868566e-01   1.6312617e-01   1.9392618e-01   2.6652187e-01   3.4579535e-01   2.7714600e-01   1.8945794e-01   1.6941172e-01   4.3711477e-01   1.1008994e-01   4.3618220e-01   1.4707322e-01   2.6184034e-01   3.4413630e-01   2.8303186e-01   3.1826767e-01   3.7697853e-01   4.3139952e-01   3.7745816e-01   3.3645780e-01   3.7199707e-01   1.9525616e-01   1.2624303e-01   3.5973575e-01   1.0000000e+00   1.9284557e-01   3.4341422e-01   2.5743455e-01   3.0914911e-01   3.1071592e-01   2.5207649e-01   2.6414321e-01   2.6968357e-01   3.5349524e-01   1.3786715e-01   1.0027827e-01   2.2060596e-01   2.0511623e-01   1.6260542e-01   3.8984141e-01   3.3499130e-01   1.4729874e-01   9.9617254e-02   4.1896361e-01
   2.0251171e-01   1.7434754e-01   1.6525629e-01   1.7537337e-01   1.6038121e-01   2.4832639e-01   1.2614640e-01   1.9775243e-01   2.4373977e-01   2.1552046e-01   1.9525449e-01   2.2049082e-01   1.4233878e-01   2.7050823e-01   2.6758934e-01   9.5566808e-02   1.4100442e-01   2.3540235e-01   1.9639829e-01   1.7842203e-01   1.3240808e-01   2.3787191e-01   2.5780545e-01   1.8527934e-01   2.3968989e-01   1.6321873e-01   2.1726785e-01   1.8005312e-01   1.6979696e-01   2.4694711e-01   2.4892526e-01   2.1185168e-01   2.3038828e-01   2.0368210e-01   1.9282185e-01   1.6018641e-01   1.2646450e-01   2.5064124e-01   1.9284557e-01   1.0000000e+00   2.9334516e-01   2.0277631e-01   2.1521554e-01   2.2018453e-01   2.3255553e-01   1.6355245e-01   1.9432474e-01   3.2009126e-01   1.6450889e-01   9.8808042e-02   1.1671628e-01   1.7281111e-01   2.1328479e-01   2.7981348e-01   2.4409137e-01   1.9389438e-01   1.2816763e-01   2.6325003e-01
   3.0902996e-01   4.4055321e-01   3.5928097e-01   3.1139466e-01   2.4607806e-01   7.2923536e-01   2.4474133e-01   3.7403911e-01   5.2319773e-01   2.9239933e-01   4.8344242e-01   3.8553714e-01   1.5776870e-01   4.7165162e-01   3.2924831e-01   2.6414106e-01   2.8693521e-01   3.9307358e-01   4.0856873e-01   4.1643286e-01   1.6532153e-01   3.0263997e-01   5.4758900e-01   2.6858599e-01   4.4171401e-01   2.1570838e-01   3.6335119e-01   3.8689482e-01   2.9923555e-01   4.8413190e-01   3.4324605e-01   4.8968122e-01   7.0248355e-01   5.2813202e-01   3.5747346e-01   2.2775463e-01   1.5387229e-01   5.9012434e-01   3.4341422e-01   2.9334516e-01   1.0000000e+00   3.7488023e-01   4.5336201e-01   4.9566877e-01   4.9532134e-01   3.2955548e-01   3.6608045e-01   5.4757627e-01   1.9437942e-01   2.7496321e-01   3.5591219e-01   2.9270632e-01   2.4452487e-01   4.3038492e-01   4.9918555e-01   2.3319456e-01   2.9541532e-01   3.8745176e-01
   1.9922494e-01   7.1097812e-01   6.2011619e-01   2.9394979e-01   1.3392226e-01   3.7307903e-01   2.0418012e-01   3.0947906e-01   2.9162299e-01   2.4000700e-01   7.3920342e-01   4.4404292e-01   2.0407112e-01   3.0642908e-01   3.0349063e-01   1.5696731e-01   2.6574649e-01   2.7292736e-01   3.3780140e-01   3.8359389e-01   1.6909679e-01   2.5645812e-01   4.5208188e-01   1.6070455e-01   3.4524629e-01   1.5370577e-01   2.8187020e-01   3.4678085e-01   1.9886263e-01   4.5020114e-01   2.7963634e-01   3.1272001e-01   3.2085006e-01   2.5437662e-01   2.0504325e-01   2.3966514e-01   1.3975773e-01   4.9305221e-01   2.5743455e-01   2.0277631e-01   3.7488023e-01   1.0000000e+00   3.8663725e-01   2.8456355e-01   2.9256213e-01   2.6552730e-01   2.4196059e-01   3.9151916e-01   1.8470541e-01   1.7146222e-01   1.5368469e-01   2.3914996e-01   2.4302289e-01   2.6307704e-01   4.2643537e-01   2.1739288e-01   1.7806012e-01   3.2839718e-01
   2.6583580e-01   4.1575948e-01   3.3551207e-01   3.5660623e-01   2.6369070e-01   4.0844455e-01   2.6700243e-01   4.1874158e-01   2.9882830e-01   2.1410287e-01   4.2239638e-01   3.3493219e-01   2.5225454e-01   3.3509025e-01   3.4512827e-01   2.5415416e-01   2.6732040e-01   3.6562969e-01   3.4744995e-01   3.1870064e-01   1.7539848e-01   3.1968015e-01   4.7433450e-01   2.7108170e-01   3.3293425e-01   2.4356806e-01   3.7433307e-01   3.0192318e-01   3.0551097e-01   4.5163069e-01   2.8512846e-01   3.3390304e-01   3.9422231e-01   3.2558205e-01   2.5584345e-01   2.8335845e-01   1.6953968e-01   4.6522521e-01   3.0914911e-01   2.1521554e-01   4.5336201e-01   3.8663725e-01   1.0000000e+00   2.8392210e-01   4.6063185e-01   3.3856665e-01   3.0453628e-01   4.5585819e-01   1.8430060e-01   1.9117391e-01   2.7129970e-01   2.2393093e-01   2.5166419e-01   3.7877163e-01   4.0047160e-01   1.9957043e-01   2.5772602e-01   3.7236585e-01
